Title: Low Resolution Spectral Templates for AGNs and Galaxies 
       from 0.03 - 30 microns 
Authors: Assef R.J., Kochanek C.S., Brodwin M., Cool R., Forman W., 
         Gonzalez A.H., Hickox R.C., Jones C., Le Floch E., Moustakas J., 
         Murray S.S., Stern D. 
Table: SED Templates
================================================================================
Byte-by-byte Description of file: apj332219t1_mrt.txt
--------------------------------------------------------------------------------
   Bytes Format Units         Label Explanations
--------------------------------------------------------------------------------
   1-  7 F7.4   um            Wave  Wavlength (1)
   9- 16 F8.4   10-11mW/m2/Hz AGN   Standard AGN template; 10^-11 erg/s/cm^2/Hz
  18- 26 F9.4   10-14mW/m2/Hz AGN2  AGN 2 template; 10^-14 erg/s/cm^2/Hz (2)
  28- 37 F10.4  10-16mW/m2/Hz E     E galaxy template; 10^-16 erg/s/cm^2/Hz
  39- 50 F12.4  10-17mW/m2/Hz Sbc   Sbc galaxy template; 10^-17 erg/s/cm^2/Hz
  52- 61 F10.4  10-15mW/m2/Hz Im    Im galaxy template; 10^-15 erg/s/cm^2/Hz
--------------------------------------------------------------------------------
Note (1): All templates are normalized to be at a distance of 10 pc and to 
          have an integrated luminosity between the wavelength boundaries of 
          10^10 L_sun_.
Note (2): Derived by using the Richards et al. (2006) SED as a starting point.
--------------------------------------------------------------------------------
 0.0303   0.9662    5.5387     0.9659       1.9502     1.1327 
 0.0311   0.9838    5.7997     1.0250       2.1322     1.2553 
 0.0318   1.0008    6.1105     1.0829       2.2252     1.3064 
 0.0325   1.0153    6.4724     1.1465       2.3982     1.4211 
 0.0333   1.0299    6.8141     1.2075       2.5162     1.4919 
 0.0341   1.0449    7.1352     1.2667       2.5843     1.5229 
 0.0348   1.0603    7.4716     1.3321       2.7694     1.6469 
 0.0357   1.0750    7.8236     1.4250       3.6667     2.3380 
 0.0365   1.0873    8.1925     1.5439       5.2535     3.5797 
 0.0373   1.0998    8.5785     1.6218       5.7133     3.9234 
 0.0382   1.1125    8.9829     1.6615       5.2701     3.5468 
 0.0391   1.1256    9.4062     1.7638       6.5144     4.5165 
 0.0400   1.1380    9.9102     1.8989       8.6315     6.1823 
 0.0409   1.1481   10.4970     1.9996       9.8290     7.1158 
 0.0419   1.1583   11.0509     2.0483       9.6362     6.9421 
 0.0429   1.1688   11.5710     2.0977       9.4455     6.7695 
 0.0439   1.1795   12.1158     2.2018      10.7615     7.7987 
 0.0449   1.1896   12.6857     2.2830      11.6141     8.4597 
 0.0459   1.1976   13.3643     2.3116      11.0297     7.9764 
 0.0470   1.2057   14.1541     2.3768      11.5131     8.3462 
 0.0481   1.2140   14.8992     2.4630      12.6311     9.2209 
 0.0492   1.2225   15.5978     2.5080      12.3960     9.0164 
 0.0504   1.2304   16.3279     2.6031      14.1859    10.4309 
 0.0515   1.2364   17.0889     2.7908      20.9819    15.8569 
 0.0527   1.2421   17.8809     2.8009      20.1448    15.1803 
 0.0540   1.2475   18.7024     2.7402      17.5627    13.1108 
 0.0552   1.2525   19.5528     2.7905      18.9087    14.1792 
 0.0565   1.2561   20.4301     2.9813      24.6130    18.7305 
 0.0578   1.2573   21.3331     3.0630      26.2499    20.0276 
 0.0592   1.2574   22.2592     3.0759      25.9839    19.8087 
 0.0606   1.2566   23.0675     3.0057      23.5558    17.8683 
 0.0620   1.2547   23.7537     3.1413      28.6898    21.9789 
 0.0634   1.2513   24.5876     3.1995      30.5359    23.4457 
 0.0649   1.2454   25.5686     3.2435      31.5086    24.2215 
 0.0664   1.2382   26.5684     3.2760      32.6047    25.1025 
 0.0679   1.2299   27.5862     3.3058      33.7366    26.0154 
 0.0695   1.2206   28.4523     3.3167      34.4097    26.5480 
 0.0711   1.2097   29.1667     3.3315      35.5580    27.4722 
 0.0728   1.1966   30.0627     3.4479      40.7562    31.6423 
 0.0745   1.1823   31.1394     3.4315      40.8667    31.7392 
 0.0762   1.1671   32.0461     3.3596      39.3766    30.5553 
 0.0780   1.1508   32.7845     3.3731      41.0920    31.9326 
 0.0798   1.1333   33.9371     3.4185      43.5238    33.8932 
 0.0817   1.1142   35.4971     3.4577      45.6985    35.6361 
 0.0836   1.0945   36.8874     3.3479      41.8849    32.5899 
 0.0855   1.0742   38.1072     3.4378      47.4900    37.0968 
 0.0875   1.0536   39.5937     3.4615      50.0621    39.1658 
 0.0896   1.0327   41.3416     3.4480      51.4115    40.2592 
 0.0917   1.0113   43.1531     3.9219      83.9485    66.2740 
 0.0938   0.9899   45.1157     6.4352     270.2245   215.4818 
 0.0960   0.9727   47.5425     8.0091     415.3386   331.1766 
 0.0982   0.9589   50.4340     6.4910     299.9292   237.9453 
 0.1005   0.9478   53.2378     8.1601     479.7031   380.6916 
 0.1028   0.9389   55.9537     7.8908     418.2069   333.3359 
 0.1052   0.9320   58.8682     9.7218     638.4922   506.3188 
 0.1077   0.9267   61.9764     9.0816     587.8853   465.9773 
 0.1102   0.9223   65.2871     9.5935     652.7865   514.8313 
 0.1128   0.9090   68.7946     9.2906     645.9001   504.1832 
 0.1154   0.9310   71.6176     9.6616     698.9875   546.1205 
 0.1181   1.0019   73.7177     8.5668     613.5395   481.5448 
 0.1208   1.0228   76.2548     7.5622     461.5965   374.9272 
 0.1236   0.9490   79.1618     9.7242     744.9868   591.3923 
 0.1265   0.8886   81.0594    10.2837     843.9271   657.2334 
 0.1295   0.8733   81.9692    10.2109     883.7829   669.7896 
 0.1325   0.8675   82.8426    10.6164     961.8356   718.6018 
 0.1356   0.8623   83.7546    10.7034    1001.7910   730.8570 
 0.1387   0.8575   84.7368     9.5576     932.2590   652.7719 
 0.1420   0.8539   85.7858     9.7499     966.0646   662.8135 
 0.1453   0.8628   86.4238    10.3386    1056.6459   703.3691 
 0.1486   0.9230   86.6610    10.2644    1055.9684   684.7186 
 0.1521   1.0020   86.9598    10.6386     970.2276   703.0487 
 0.1557   0.9722   87.2578    11.1148     929.7239   721.7753 
 0.1593   0.8801   87.5073    11.6169    1100.8995   740.8760 
 0.1630   0.8423   87.6922    12.1486    1153.5083   760.6054 
 0.1668   0.8364   87.8364    12.7129    1238.3172   781.8967 
 0.1707   0.8332   87.9836    13.3532    1262.2999   805.2169 
 0.1746   0.8299   88.1492    14.1674    1324.5827   830.3032 
 0.1787   0.8259   88.2760    15.0534    1414.3922   858.1530 
 0.1829   0.8210   88.3538    16.3175    1584.6839   885.0505 
 0.1871   0.8156   88.4121    17.8320    1722.9961   912.7372 
 0.1915   0.8100   88.5003    19.7908    1862.3795   940.8105 
 0.1960   0.8041   88.5719    22.5128    1994.3972   967.0910 
 0.2005   0.7978   88.1141    25.4457    2132.4661   994.3157 
 0.2052   0.7919   87.2198    28.6111    2269.8084  1019.6445 
 0.2100   0.7868   86.9826    31.9574    2415.1782  1045.7940 
 0.2149   0.7828   87.4453    35.2097    2576.2623  1072.1813 
 0.2199   0.7811   88.7000    38.2989    2750.2168  1099.2483 
 0.2250   0.7821   90.8332    39.2220    2954.4576  1126.8286 
 0.2302   0.7858   92.8472    39.5900    3174.0012  1154.3850 
 0.2356   0.7917   94.7221    39.2148    3409.2236  1180.5434 
 0.2411   0.7992   97.4746    39.8523    3659.2190  1205.4535 
 0.2467   0.8079  101.0586    44.1494    3932.8991  1228.5313 
 0.2524   0.8176  104.8976    51.9540    4219.3432  1250.4725 
 0.2583   0.8310  108.8311    64.9383    4517.0488  1271.5484 
 0.2643   0.8798  112.7075    93.1801    4814.4530  1292.6798 
 0.2705   1.0273  116.3635   131.2444    5109.9133  1314.2501 
 0.2768   1.1396  118.8741   176.0613    5410.0708  1338.2350 
 0.2832   1.0392  120.1509   236.3057    5727.2976  1364.0545 
 0.2898   0.8986  120.8482   313.3435    6066.5410  1392.4072 
 0.2966   0.8594  121.0455   401.7802    6460.3660  1425.8546 
 0.3035   0.8519  120.3065   467.7953    6902.7461  1464.7883 
 0.3106   0.8443  118.8607   561.9552    7432.9030  1511.4657 
 0.3178   0.8345  117.4939   801.3283    8079.8607  1566.8362 
 0.3252   0.8232  116.2936   921.8952    8891.8671  1632.1708 
 0.3328   0.8108  114.5691  1001.7204    9902.2354  1710.6493 
 0.3405   0.7974  112.2936  1091.4155   11142.6052  1798.0103 
 0.3485   0.7834  110.7925  1231.8656   12587.1292  1902.7234 
 0.3566   0.7685  109.9896  1294.5950   13801.4351  1914.9272 
 0.3649   0.7530  108.6048  1638.5214   14717.8267  2135.7713 
 0.3734   0.7371  106.6060  1772.5924   17759.8190  3401.9731 
 0.3821   0.7206  104.6571  1560.1420   19326.8493  2750.6086 
 0.3910   0.7038  102.8135  1885.4862   21762.7481  3009.6225 
 0.4001   0.6870  101.6956  3239.3785   25633.2882  3267.8451 
 0.4094   0.6706  101.3501  3993.5512   28069.7464  3448.2503 
 0.4189   0.6549  101.2034  4140.8034   30610.3102  3583.1597 
 0.4287   0.6400  101.2564  4657.7950   31390.7481  3564.5818 
 0.4387   0.6263  101.4516  5638.9598   34056.3923  3767.9241 
 0.4489   0.6184  101.7504  6690.4051   38489.2526  3909.9644 
 0.4594   0.6596  102.0968  7491.6415   40699.6561  4006.6093 
 0.4701   0.8214  102.4368  7970.8282   42681.6418  4073.7371 
 0.4810   0.9253  102.7176  8655.8269   44500.2410  4386.8485 
 0.4922   0.7823  102.8546  8814.0372   45995.7306  5017.4692 
 0.5037   0.6157  103.4461  8785.8946   48158.8081  5861.3039 
 0.5154   0.5732  104.5604  8737.3586   49257.0183  4214.4902 
 0.5274   0.5685  105.0817 10093.5722   51227.7583  4365.9907 
 0.5397   0.5669  105.0980 10902.7364   56564.6007  4328.9439 
 0.5523   0.5664  105.3148 11515.7200   60475.7116  4439.3317 
 0.5651   0.5670  105.8082 12224.5370   63199.6125  4514.6700 
 0.5783   0.5687  107.2095 12606.8743   65289.7608  4633.0173 
 0.5918   0.5714  109.5030 13154.0825   67957.3351  4774.1363 
 0.6056   0.5799  111.9675 14654.5134   71402.7476  4882.2267 
 0.6197   0.6476  114.4352 14906.4192   75216.7248  4964.4763 
 0.6341   0.8746  116.6722 14911.7242   79005.4929  5033.4270 
 0.6489   1.0383  118.4188 16114.4131   82726.9252  5099.2366 
 0.6640   0.8636  119.4642 17104.4577   86323.2376  5156.4566 
 0.6794   0.6384  119.7604 17678.6073   89754.1352  5208.7420 
 0.6953   0.5789  118.7970 18606.7356   93030.7256  5258.4090 
 0.7115   0.5716  116.7919 18666.5603   96295.6567  5296.9177 
 0.7280   0.5673  115.2771 19671.6670   99606.9490  5335.4265 
 0.7450   0.5634  114.4152 21961.6797  102964.0903  5376.2966 
 0.7623   0.5605  113.7345 22270.7590  106460.6102  5413.4399 
 0.7801   0.5591  113.3542 21918.4464  110153.1899  5457.9018 
 0.7983   0.5593  112.6840 22260.9513  114036.7284  5504.4503 
 0.8169   0.5612  111.7693 24417.3676  118237.0349  5554.4958 
 0.8359   0.5648  111.9090 25399.7689  122861.9372  5612.7074 
 0.8554   0.5701  113.0979 25450.7689  127668.0888  5679.3777 
 0.8753   0.5772  114.7459 28230.4483  132784.3910  5751.4785 
 0.8957   0.5861  116.8585 29250.8020  138191.3265  5828.7754 
 0.9165   0.5967  119.3710 30848.6201  143821.9925  5905.4864 
 0.9379   0.6091  122.2437 30265.9103  149732.3612  5984.1217 
 0.9597   0.6232  125.4263 31511.6649  155881.2907  6074.7265 
 0.9821   0.6389  128.8245 33082.4842  162325.5209  6179.3423 
 1.0050   0.6562  131.5516 35437.9198  168037.1908  6186.3815 
 1.0284   0.6748  133.4791 36354.2017  171759.8245  6152.0279 
 1.0523   0.6949  136.9141 36643.8485  175461.5227  6072.0496 
 1.0768   0.7166  141.9227 36747.7220  177834.2689  5910.7681 
 1.1019   0.7397  146.0953 36807.8245  179603.6119  5846.5493 
 1.1276   0.7644  149.4318 37169.3431  183732.6042  5787.2517 
 1.1539   0.7912  153.7044 38044.7191  188178.0887  5729.7387 
 1.1807   0.8205  159.0406 38231.5283  192357.5189  5656.6645 
 1.2082   0.8527  163.6579 38810.6456  196941.3383  5594.9019 
 1.2364   0.8878  167.5104 39663.1224  201904.4953  5572.5041 
 1.2652   0.9261  172.4764 40038.4598  205203.9314  5506.8523 
 1.2946   0.9678  178.5362 40599.7029  208324.1466  5413.5751 
 1.3248   1.0132  185.8205 40890.8043  212086.2089  5407.9959 
 1.3557   1.0629  194.4436 41115.1473  214189.1981  5405.0441 
 1.3872   1.1172  203.4815 41275.9936  218216.1527  5429.9249 
 1.4195   1.1766  212.9531 40912.9102  220151.5409  5419.3480 
 1.4526   1.2414  222.8773 42450.7801  225912.4079  5444.4406 
 1.4864   1.3119  233.2573 43695.6752  232575.6815  5486.0274 
 1.5211   1.3884  245.5130 46706.1992  243793.3310  5590.5034 
 1.5565   1.4713  259.7250 47982.8095  253759.7826  5598.1601 
 1.5928   1.5609  272.9526 47863.3318  259780.4214  5427.8880 
 1.6299   1.6571  285.0684 49829.3685  268681.7891  5506.7667 
 1.6678   1.7597  301.0006 51145.0333  271964.0909  5446.5047 
 1.7067   1.8684  320.8171 51480.6331  270425.1550  5394.6069 
 1.7464   1.9832  339.3953 49760.2297  264676.8925  5238.0708 
 1.7871   2.1036  356.5927 47319.4561  259701.4461  5147.8445 
 1.8287   2.2287  374.0190 45198.1051  252601.7402  4993.4311 
 1.8713   2.3576  391.6126 43502.4965  245770.0778  4832.3929 
 1.9149   2.4899  409.4065 42523.3130  240489.3651  4728.6424 
 1.9595   2.6247  427.3552 40997.5650  233382.9631  4581.2457 
 2.0052   2.7621  445.6223 39975.8669  228453.2081  4503.3918 
 2.0519   2.9030  464.3569 39604.6949  222759.3027  4400.6400 
 2.0997   3.0483  483.8603 39381.8066  218082.2294  4289.0917 
 2.1486   3.1984  504.2192 39091.8512  213926.4722  4194.7293 
 2.1986   3.3528  525.5229 38356.4939  208840.7360  4077.8669 
 2.2498   3.5110  547.7899 37506.0228  204805.1158  3978.3738 
 2.3022   3.6714  567.4878 33476.4453  187764.9945  3650.0189 
 2.3559   3.8356  584.9292 29666.6266  171095.2105  3298.4191 
 2.4107   4.0031  606.8184 27517.7478  163266.8439  3123.2956 
 2.4669   4.1720  633.1045 24675.7620  157844.9800  3037.2136 
 2.5244   4.3415  656.7022 22123.4671  151277.8949  3030.8382 
 2.5832   4.5114  677.6798 22648.4767  155705.3982  2987.5998 
 2.6433   4.6819  699.6603 22757.0006  156038.0203  2958.3345 
 2.7049   4.8532  722.6349 22747.8321  154864.1631  2945.9396 
 2.7679   5.0269  746.8043 22485.4264  154067.8514  2909.4210 
 2.8324   5.2042  772.3001 22151.5237  152201.8473  2867.7405 
 2.8983   5.3864  794.4849 21665.5267  152187.5687  2812.2546 
 2.9659   5.5768  813.5497 21122.0125  150288.0050  2749.0241 
 3.0349   5.7765  838.6672 20684.7873  148255.9951  2670.9864 
 3.1056   5.9841  869.6986 20415.3399  145958.6792  2593.0477 
 3.1780   6.1984  896.4424 20072.1034  145279.1171  2522.9943 
 3.2520   6.4195  918.5008 19696.9356  166832.9843  2906.8531 
 3.3277   6.6437  945.8372 19203.3899  202230.6378  3574.6720 
 3.4053   6.8678  977.9802 18614.3415  167346.5209  2847.7101 
 3.4846   7.0882 1003.4299 17979.3665  155815.6289  2601.3953 
 3.5657   7.3036 1021.9311 17287.3196  136803.8420  2212.6148 
 3.6488   7.5137 1038.8526 16570.6608  130760.2787  2091.2409 
 3.7338   7.7187 1054.3536 15781.1804  127339.4845  2016.2766 
 3.8208   7.9200 1068.8508 15087.2402  124398.9036  1969.8214 
 3.9098   8.1207 1082.7992 14328.2364  121363.0797  1918.2166 
 4.0008   8.3244 1103.2693 13544.1557  117442.0230  1861.7018 
 4.0940   8.5374 1131.0149 12862.1193  114186.3877  1820.1056 
 4.1894   8.7663 1154.0066 12224.9051  112320.3639  1784.4572 
 4.2870   9.0158 1172.9802 11305.3701  109066.2844  1702.9999 
 4.3868   9.2891 1194.7477 10019.7411  103960.0855  1542.6026 
 4.4890   9.5885 1219.6328  9255.5315  101512.9922  1470.3211 
 4.5936   9.9158 1247.9573  8821.6145  101951.3940  1463.7131 
 4.7006  10.2721 1279.9416  8539.2122  104326.9565  1493.4231 
 4.8101  10.6558 1315.4255  8232.5044  107943.6529  1534.9170 
 4.9221  11.0614 1353.8669  7886.6186  111761.2539  1574.4091 
 5.0367  11.4842 1394.8794  7576.3139  115307.6997  1622.9220 
 5.1541  11.9209 1438.2044  7266.9261  121543.5019  1688.3039 
 5.2741  12.3649 1483.3514  6983.1088  129510.9124  1774.5653 
 5.3970  12.8125 1529.9851  6706.4478  138962.3897  1872.3400 
 5.5227  13.2614 1577.7555  6436.4473  149829.5738  1983.2592 
 5.6513  13.7091 1626.3851  6166.0015  161970.9984  2102.1950 
 5.7830  14.1531 1675.5613  5910.2210  175382.0747  2229.8719 
 5.9177  14.5934 1725.0316  5641.6024  190540.7906  2367.4055 
 6.0555  15.0309 1774.4103  5391.6051  363997.9350  4528.0545 
 6.1966  15.4654 1823.2790  5162.3715 1141338.0310 14113.1865 
 6.3409  15.8961 1871.6087  4939.3730  599602.4488  7281.2688 
 6.4886  16.3227 1919.5303  4729.7901  255435.5960  3044.9303 
 6.6397  16.7429 1966.9162  4530.2397  270611.4659  3226.5346 
 6.7944  17.1527 2013.8573  4336.0075  286903.0348  3424.1500 
 6.9526  17.5490 2060.7922  4150.6221  304361.1148  3641.1914 
 7.1146  17.9345 2108.4571  3970.2926  336712.6442  4041.7007 
 7.2803  18.3139 2157.0383  3795.0367  679313.3825  8242.9506 
 7.4499  18.6913 2206.3922  3624.1446 1009206.1811 12309.4772 
 7.6234  19.0767 2243.2829  3464.0080 1307870.2394 16003.9765 
 7.8010  19.4865 2267.0108  3309.3636 1242337.6442 15116.6623 
 7.9827  19.9297 2304.1743  3160.9720 1130259.8193 13580.1752 
 8.1686  20.4111 2356.2508  3020.6778  860087.5429 10130.8203 
 8.3589  20.9371 2410.8452  2887.0087  532378.6784  6185.6019 
 8.5536  21.5162 2467.9508  2761.1527  561074.4964  6429.0474 
 8.7529  22.1500 2528.1902  2641.2761  599076.8000  6768.3614 
 8.9567  22.8337 2592.1796  2526.7354  591790.9802  6593.5466 
 9.1654  23.5563 2644.0276  2417.8831  591632.4386  6502.3064 
 9.3789  24.3019 2683.3468  2314.1176  607394.6168  6584.8579 
 9.5973  25.0505 2741.3649  2214.1496  634545.5904  6784.7428 
 9.8209  25.7879 2818.9981  2102.9677  661457.2747  6973.4784 
10.0496  26.5085 2883.5773  1981.7705  683489.4252  6978.8097 
10.2837  27.2019 2934.2595  1892.1331  711194.9988  7124.3858 
10.5233  27.8629 3003.4952  1803.8431  740208.8845  7311.1655 
10.7684  28.4865 3091.0767  1719.6679  770488.9360  7504.0156 
11.0192  29.0706 3161.0395  1639.4188 1078038.8033 10381.3141 
11.2759  29.6069 3213.1697  1562.9137 2730488.6943 26027.7070 
11.5385  30.1030 3284.3453  1489.9783 1656143.0221 15823.0553 
11.8073  30.6285 3373.1068  1420.4357  863459.0613  8293.6136 
12.0823  31.2278 3439.5034  1354.1368  879930.2449  8533.5124 
12.3637  31.9550 3481.8584  1290.9282  896583.9975  8786.8048 
12.6517  32.8401 3539.5514  1230.6529  917147.9157  9093.2027 
12.9464  33.8691 3612.7040  1173.1847  936324.7434  9399.9115 
13.2480  35.0552 3658.7878  1118.3849  953616.0101  9707.2558 
13.5566  36.5131 3676.3998  1066.1319  968534.6686 10015.8755 
13.8724  38.3835 3706.6898  1016.3031  980752.2128 10326.8701 
14.1955  40.8657 3750.2824   968.7895  990309.4107 10641.7674 
14.5261  43.9490 3767.7894   923.4832  997128.2716 10962.5864 
14.8645  47.3558 3766.0438   880.2850 1001145.7727 11292.2022 
15.2107  50.7021 3772.2163   839.1001 1002719.1742 11634.9998 
15.5650  53.6743 3791.2549   799.8332 1003279.0917 12014.4899 
15.9276  56.1933 3849.4531   762.4032 1013463.7594 12581.7468 
16.2986  58.2624 3949.1086   726.7263 1024843.8894 13230.8701 
16.6782  59.8100 4047.6234   692.7282 1036042.8290 13938.9846 
17.0667  60.6747 4144.8461   660.3368 1048420.6873 14721.2279 
17.4642  60.7017 4263.6206   629.4866 1062863.9181 15589.7722 
17.8711  59.8529 4401.7331   600.1179 1080138.4444 16545.1763 
18.2873  58.0818 4555.8490   572.1750 1101132.4927 17570.9957 
18.7133  55.7160 4721.5104   545.5994 1126223.8052 18643.2825 
19.1492  53.2973 4892.9759   520.3343 1159053.3225 19809.4098 
19.5952  51.5093 5065.3653   496.3176 1203357.1099 21110.3290 
20.0516  50.9366 5264.7152   473.4872 1252751.9510 22401.3967 
20.5187  52.1856 5489.1911   451.7798 1310395.4808 23671.1574 
20.9966  55.3712 5673.6612   431.1374 1376179.1822 24882.2964 
21.4857  60.4859 5815.1313   411.4968 1451534.6554 25995.9085 
21.9862  67.5840 5945.0768   392.8025 1537691.4343 27002.9986 
22.4983  76.5213 6064.4624   374.9987 1642431.8395 28017.4570 
23.0224  86.8402 6174.3860   358.0356 1755261.0133 28801.0973 
23.5586  97.9519 6275.7076   341.8646 1872159.8790 29237.3568 
24.1074 109.3878 6333.0123   326.4422 1990513.3877 29384.1046 
24.6689 120.8216 6346.9417   311.7285 2109519.9693 29371.1392 
25.2435 131.9512 6392.4984   297.6860 2228347.3301 29345.6004 
25.8315 142.6230 6472.1205   284.2810 2351842.3107 29471.3340 
26.4332 152.7355 6550.2979   271.4827 2499075.1911 30077.6538 
27.0489 162.2107 6627.9525   259.2623 2650408.4868 31008.1230 
27.6790 170.9841 6705.6308   247.5929 2803035.7178 32183.1508 
28.3237 178.9508 6783.7179   236.4490 2957453.1877 33609.4746 
28.9835 186.0082 6823.1487   225.8070 3114340.3603 35267.8512 
29.6586 191.9450 6862.4560   215.1650 3270737.1374 37014.7236 
