#FeII template from Vestergaard & Wilkes 2001
1074.99	0.000e+00
1075.47	0.000e+00
1075.95	0.000e+00
1076.43	0.000e+00
1076.91	0.000e+00
1077.40	0.000e+00
1077.88	0.000e+00
1078.36	0.000e+00
1078.84	0.000e+00
1079.32	0.000e+00
1079.81	0.000e+00
1080.29	0.000e+00
1080.77	0.000e+00
1081.25	0.000e+00
1081.73	0.000e+00
1082.22	0.000e+00
1082.70	0.000e+00
1083.18	0.000e+00
1083.66	0.000e+00
1084.14	0.000e+00
1084.63	0.000e+00
1085.11	0.000e+00
1085.59	0.000e+00
1086.07	0.000e+00
1086.55	0.000e+00
1087.04	0.000e+00
1087.52	0.000e+00
1088.00	0.000e+00
1088.48	0.000e+00
1088.96	0.000e+00
1089.45	0.000e+00
1089.93	0.000e+00
1090.41	0.000e+00
1090.89	0.000e+00
1091.37	0.000e+00
1091.86	0.000e+00
1092.34	0.000e+00
1092.82	0.000e+00
1093.30	0.000e+00
1093.78	0.000e+00
1094.27	0.000e+00
1094.75	0.000e+00
1095.23	0.000e+00
1095.71	0.000e+00
1096.19	0.000e+00
1096.68	0.000e+00
1097.16	0.000e+00
1097.64	0.000e+00
1098.12	0.000e+00
1098.60	0.000e+00
1099.09	0.000e+00
1099.57	0.000e+00
1100.05	0.000e+00
1100.53	0.000e+00
1101.01	0.000e+00
1101.50	0.000e+00
1101.98	0.000e+00
1102.46	0.000e+00
1102.94	0.000e+00
1103.42	0.000e+00
1103.90	0.000e+00
1104.39	0.000e+00
1104.87	0.000e+00
1105.35	0.000e+00
1105.83	0.000e+00
1106.31	0.000e+00
1106.80	0.000e+00
1107.28	0.000e+00
1107.76	0.000e+00
1108.24	0.000e+00
1108.72	0.000e+00
1109.21	0.000e+00
1109.69	0.000e+00
1110.17	0.000e+00
1110.65	0.000e+00
1111.13	0.000e+00
1111.62	0.000e+00
1112.10	0.000e+00
1112.58	0.000e+00
1113.06	0.000e+00
1113.54	0.000e+00
1114.03	0.000e+00
1114.51	0.000e+00
1114.99	0.000e+00
1115.47	0.000e+00
1115.95	0.000e+00
1116.44	0.000e+00
1116.92	0.000e+00
1117.40	0.000e+00
1117.88	0.000e+00
1118.36	0.000e+00
1118.85	0.000e+00
1119.33	0.000e+00
1119.81	0.000e+00
1120.29	0.000e+00
1120.77	0.000e+00
1121.26	0.000e+00
1121.74	0.000e+00
1122.22	0.000e+00
1122.70	0.000e+00
1123.18	0.000e+00
1123.67	0.000e+00
1124.15	0.000e+00
1124.63	0.000e+00
1125.11	0.000e+00
1125.59	0.000e+00
1126.08	0.000e+00
1126.56	0.000e+00
1127.04	0.000e+00
1127.52	0.000e+00
1128.00	0.000e+00
1128.49	0.000e+00
1128.97	0.000e+00
1129.45	0.000e+00
1129.93	0.000e+00
1130.41	0.000e+00
1130.90	0.000e+00
1131.38	0.000e+00
1131.86	0.000e+00
1132.34	0.000e+00
1132.82	0.000e+00
1133.30	0.000e+00
1133.79	0.000e+00
1134.27	0.000e+00
1134.75	0.000e+00
1135.23	0.000e+00
1135.71	0.000e+00
1136.20	0.000e+00
1136.68	0.000e+00
1137.16	0.000e+00
1137.64	0.000e+00
1138.12	0.000e+00
1138.61	0.000e+00
1139.09	0.000e+00
1139.57	0.000e+00
1140.05	0.000e+00
1140.53	0.000e+00
1141.02	0.000e+00
1141.50	0.000e+00
1141.98	0.000e+00
1142.46	0.000e+00
1142.94	0.000e+00
1143.43	0.000e+00
1143.91	0.000e+00
1144.39	0.000e+00
1144.87	0.000e+00
1145.35	0.000e+00
1145.84	0.000e+00
1146.32	0.000e+00
1146.80	0.000e+00
1147.28	0.000e+00
1147.76	0.000e+00
1148.25	0.000e+00
1148.73	0.000e+00
1149.21	0.000e+00
1149.69	0.000e+00
1150.17	0.000e+00
1150.66	0.000e+00
1151.14	0.000e+00
1151.62	0.000e+00
1152.10	0.000e+00
1152.58	0.000e+00
1153.07	0.000e+00
1153.55	0.000e+00
1154.03	0.000e+00
1154.51	0.000e+00
1154.99	0.000e+00
1155.48	0.000e+00
1155.96	0.000e+00
1156.44	0.000e+00
1156.92	0.000e+00
1157.40	0.000e+00
1157.89	0.000e+00
1158.37	0.000e+00
1158.85	0.000e+00
1159.33	0.000e+00
1159.81	0.000e+00
1160.29	0.000e+00
1160.78	0.000e+00
1161.26	0.000e+00
1161.74	0.000e+00
1162.22	0.000e+00
1162.70	0.000e+00
1163.19	0.000e+00
1163.67	0.000e+00
1164.15	0.000e+00
1164.63	0.000e+00
1165.11	0.000e+00
1165.60	0.000e+00
1166.08	0.000e+00
1166.56	0.000e+00
1167.04	0.000e+00
1167.52	0.000e+00
1168.01	0.000e+00
1168.49	0.000e+00
1168.97	0.000e+00
1169.45	0.000e+00
1169.93	0.000e+00
1170.42	0.000e+00
1170.90	0.000e+00
1171.38	0.000e+00
1171.86	0.000e+00
1172.34	0.000e+00
1172.83	0.000e+00
1173.31	0.000e+00
1173.79	0.000e+00
1174.27	0.000e+00
1174.75	0.000e+00
1175.24	0.000e+00
1175.72	0.000e+00
1176.20	0.000e+00
1176.68	0.000e+00
1177.16	0.000e+00
1177.65	0.000e+00
1178.13	0.000e+00
1178.61	0.000e+00
1179.09	0.000e+00
1179.57	0.000e+00
1180.06	0.000e+00
1180.54	0.000e+00
1181.02	0.000e+00
1181.50	0.000e+00
1181.98	0.000e+00
1182.47	0.000e+00
1182.95	0.000e+00
1183.43	0.000e+00
1183.91	0.000e+00
1184.39	0.000e+00
1184.88	0.000e+00
1185.36	0.000e+00
1185.84	0.000e+00
1186.32	0.000e+00
1186.80	0.000e+00
1187.28	0.000e+00
1187.77	0.000e+00
1188.25	0.000e+00
1188.73	0.000e+00
1189.21	0.000e+00
1189.69	0.000e+00
1190.18	0.000e+00
1190.66	0.000e+00
1191.14	0.000e+00
1191.62	0.000e+00
1192.10	0.000e+00
1192.59	0.000e+00
1193.07	0.000e+00
1193.55	0.000e+00
1194.03	0.000e+00
1194.51	0.000e+00
1195.00	0.000e+00
1195.48	0.000e+00
1195.96	0.000e+00
1196.44	0.000e+00
1196.92	0.000e+00
1197.41	0.000e+00
1197.89	0.000e+00
1198.37	0.000e+00
1198.85	0.000e+00
1199.33	0.000e+00
1199.82	0.000e+00
1200.30	0.000e+00
1200.78	0.000e+00
1201.26	0.000e+00
1201.74	0.000e+00
1202.23	0.000e+00
1202.71	0.000e+00
1203.19	0.000e+00
1203.67	0.000e+00
1204.15	0.000e+00
1204.64	0.000e+00
1205.12	0.000e+00
1205.60	0.000e+00
1206.08	0.000e+00
1206.56	0.000e+00
1207.05	0.000e+00
1207.53	0.000e+00
1208.01	0.000e+00
1208.49	0.000e+00
1208.97	0.000e+00
1209.46	0.000e+00
1209.94	0.000e+00
1210.42	0.000e+00
1210.90	0.000e+00
1211.38	0.000e+00
1211.87	0.000e+00
1212.35	0.000e+00
1212.83	0.000e+00
1213.31	0.000e+00
1213.79	0.000e+00
1214.28	0.000e+00
1214.76	0.000e+00
1215.24	0.000e+00
1215.72	0.000e+00
1216.20	0.000e+00
1216.68	0.000e+00
1217.17	0.000e+00
1217.65	0.000e+00
1218.13	0.000e+00
1218.61	0.000e+00
1219.09	0.000e+00
1219.58	0.000e+00
1220.06	0.000e+00
1220.54	0.000e+00
1221.02	0.000e+00
1221.50	0.000e+00
1221.99	0.000e+00
1222.47	0.000e+00
1222.95	0.000e+00
1223.43	0.000e+00
1223.91	0.000e+00
1224.40	0.000e+00
1224.88	0.000e+00
1225.36	0.000e+00
1225.84	0.000e+00
1226.32	0.000e+00
1226.81	0.000e+00
1227.29	0.000e+00
1227.77	0.000e+00
1228.25	0.000e+00
1228.73	0.000e+00
1229.22	0.000e+00
1229.70	0.000e+00
1230.18	0.000e+00
1230.66	0.000e+00
1231.14	0.000e+00
1231.63	0.000e+00
1232.11	0.000e+00
1232.59	0.000e+00
1233.07	0.000e+00
1233.55	0.000e+00
1234.04	0.000e+00
1234.52	0.000e+00
1235.00	0.000e+00
1235.48	0.000e+00
1235.96	0.000e+00
1236.45	0.000e+00
1236.93	0.000e+00
1237.41	0.000e+00
1237.89	0.000e+00
1238.37	0.000e+00
1238.86	0.000e+00
1239.34	0.000e+00
1239.82	0.000e+00
1240.30	0.000e+00
1240.78	0.000e+00
1241.27	0.000e+00
1241.75	0.000e+00
1242.23	0.000e+00
1242.71	0.000e+00
1243.19	0.000e+00
1243.67	0.000e+00
1244.16	0.000e+00
1244.64	0.000e+00
1245.12	0.000e+00
1245.60	0.000e+00
1246.08	0.000e+00
1246.57	0.000e+00
1247.05	0.000e+00
1247.53	0.000e+00
1248.01	0.000e+00
1248.49	0.000e+00
1248.98	0.000e+00
1249.46	0.000e+00
1249.94	0.000e+00
1250.42	0.000e+00
1250.90	2.162e-15
1251.39	1.069e-15
1251.87	1.039e-15
1252.35	0.000e+00
1252.83	3.184e-15
1253.31	2.542e-15
1253.80	4.728e-15
1254.28	7.688e-15
1254.76	4.959e-15
1255.24	4.982e-15
1255.72	0.000e+00
1256.21	0.000e+00
1256.69	0.000e+00
1257.17	0.000e+00
1257.65	0.000e+00
1258.13	0.000e+00
1258.62	0.000e+00
1259.10	0.000e+00
1259.58	0.000e+00
1260.06	0.000e+00
1260.54	0.000e+00
1261.03	0.000e+00
1261.51	0.000e+00
1261.99	0.000e+00
1262.47	0.000e+00
1262.95	0.000e+00
1263.44	0.000e+00
1263.92	0.000e+00
1264.40	0.000e+00
1264.88	0.000e+00
1265.36	0.000e+00
1265.85	0.000e+00
1266.33	0.000e+00
1266.81	0.000e+00
1267.29	0.000e+00
1267.77	1.283e-15
1268.26	3.542e-15
1268.74	2.862e-15
1269.22	2.469e-15
1269.70	5.662e-17
1270.18	0.000e+00
1270.67	2.824e-15
1271.15	2.545e-15
1271.63	2.981e-15
1272.11	3.835e-15
1272.59	3.531e-15
1273.07	5.364e-15
1273.56	3.452e-15
1274.04	4.536e-15
1274.52	5.988e-15
1275.00	6.268e-15
1275.48	2.732e-15
1275.97	0.000e+00
1276.45	0.000e+00
1276.93	0.000e+00
1277.41	0.000e+00
1277.89	0.000e+00
1278.38	0.000e+00
1278.86	0.000e+00
1279.34	0.000e+00
1279.82	0.000e+00
1280.30	0.000e+00
1280.79	0.000e+00
1281.27	0.000e+00
1281.75	6.108e-16
1282.23	1.471e-15
1282.71	1.215e-15
1283.20	3.617e-15
1283.68	2.520e-15
1284.16	2.052e-15
1284.64	9.402e-16
1285.12	1.426e-15
1285.61	3.042e-15
1286.09	3.622e-15
1286.57	4.256e-15
1287.05	3.565e-15
1287.53	4.972e-15
1288.02	2.139e-15
1288.50	2.674e-15
1288.98	6.792e-16
1289.46	2.180e-15
1289.94	3.353e-16
1290.43	2.656e-15
1290.91	2.512e-15
1291.39	1.075e-15
1291.87	0.000e+00
1292.35	0.000e+00
1292.84	0.000e+00
1293.32	0.000e+00
1293.80	0.000e+00
1294.28	0.000e+00
1294.76	0.000e+00
1295.25	0.000e+00
1295.73	0.000e+00
1296.21	0.000e+00
1296.69	0.000e+00
1297.17	0.000e+00
1297.66	0.000e+00
1298.14	0.000e+00
1298.62	0.000e+00
1299.10	0.000e+00
1299.58	0.000e+00
1300.06	0.000e+00
1300.55	0.000e+00
1301.03	0.000e+00
1301.51	0.000e+00
1301.99	0.000e+00
1302.47	0.000e+00
1302.96	0.000e+00
1303.44	0.000e+00
1303.92	0.000e+00
1304.40	0.000e+00
1304.88	0.000e+00
1305.37	0.000e+00
1305.85	0.000e+00
1306.33	0.000e+00
1306.81	0.000e+00
1307.29	0.000e+00
1307.78	0.000e+00
1308.26	0.000e+00
1308.74	0.000e+00
1309.22	0.000e+00
1309.70	0.000e+00
1310.19	0.000e+00
1310.67	0.000e+00
1311.15	0.000e+00
1311.63	0.000e+00
1312.11	0.000e+00
1312.60	0.000e+00
1313.08	0.000e+00
1313.56	0.000e+00
1314.04	0.000e+00
1314.52	0.000e+00
1315.01	0.000e+00
1315.49	0.000e+00
1315.97	0.000e+00
1316.45	0.000e+00
1316.93	0.000e+00
1317.42	0.000e+00
1317.90	0.000e+00
1318.38	0.000e+00
1318.86	0.000e+00
1319.34	0.000e+00
1319.83	0.000e+00
1320.31	0.000e+00
1320.79	0.000e+00
1321.27	0.000e+00
1321.75	0.000e+00
1322.24	0.000e+00
1322.72	0.000e+00
1323.20	0.000e+00
1323.68	0.000e+00
1324.16	0.000e+00
1324.65	0.000e+00
1325.13	0.000e+00
1325.61	0.000e+00
1326.09	0.000e+00
1326.57	0.000e+00
1327.06	0.000e+00
1327.54	0.000e+00
1328.02	0.000e+00
1328.50	0.000e+00
1328.98	0.000e+00
1329.46	0.000e+00
1329.95	0.000e+00
1330.43	0.000e+00
1330.91	0.000e+00
1331.39	0.000e+00
1331.87	0.000e+00
1332.36	0.000e+00
1332.84	0.000e+00
1333.32	0.000e+00
1333.80	0.000e+00
1334.28	0.000e+00
1334.77	0.000e+00
1335.25	0.000e+00
1335.73	0.000e+00
1336.21	0.000e+00
1336.69	0.000e+00
1337.18	0.000e+00
1337.66	0.000e+00
1338.14	0.000e+00
1338.62	0.000e+00
1339.10	0.000e+00
1339.59	0.000e+00
1340.07	0.000e+00
1340.55	0.000e+00
1341.03	0.000e+00
1341.51	0.000e+00
1342.00	0.000e+00
1342.48	0.000e+00
1342.96	0.000e+00
1343.44	0.000e+00
1343.92	0.000e+00
1344.41	0.000e+00
1344.89	0.000e+00
1345.37	0.000e+00
1345.85	0.000e+00
1346.33	0.000e+00
1346.82	0.000e+00
1347.30	0.000e+00
1347.78	0.000e+00
1348.26	0.000e+00
1348.74	0.000e+00
1349.23	0.000e+00
1349.71	0.000e+00
1350.19	0.000e+00
1350.67	0.000e+00
1351.15	0.000e+00
1351.64	0.000e+00
1352.12	0.000e+00
1352.60	0.000e+00
1353.08	0.000e+00
1353.56	0.000e+00
1354.05	1.109e-15
1354.53	1.660e-15
1355.01	2.330e-15
1355.49	3.467e-15
1355.97	3.005e-15
1356.45	2.381e-15
1356.94	3.409e-15
1357.42	2.913e-15
1357.90	3.876e-15
1358.38	3.995e-15
1358.86	6.291e-15
1359.35	7.275e-15
1359.83	5.231e-15
1360.31	4.062e-15
1360.79	5.593e-15
1361.27	4.572e-15
1361.76	5.739e-15
1362.24	5.101e-15
1362.72	5.872e-15
1363.20	5.403e-15
1363.68	3.416e-15
1364.17	3.774e-15
1364.65	4.428e-15
1365.13	4.372e-15
1365.61	3.290e-15
1366.09	2.327e-15
1366.58	3.167e-15
1367.06	1.775e-15
1367.54	1.654e-15
1368.02	1.648e-15
1368.50	4.613e-15
1368.99	2.168e-15
1369.47	7.124e-16
1369.95	2.464e-15
1370.43	2.816e-15
1370.91	1.249e-15
1371.40	1.358e-15
1371.88	7.015e-18
1372.36	2.074e-15
1372.84	1.448e-15
1373.32	4.771e-16
1373.81	3.967e-16
1374.29	2.799e-15
1374.77	3.073e-15
1375.25	1.668e-15
1375.73	0.000e+00
1376.22	7.724e-16
1376.70	0.000e+00
1377.18	0.000e+00
1377.66	0.000e+00
1378.14	0.000e+00
1378.63	2.879e-15
1379.11	3.869e-15
1379.59	0.000e+00
1380.07	4.798e-16
1380.55	3.537e-16
1381.04	1.848e-16
1381.52	4.623e-15
1382.00	1.512e-15
1382.48	5.324e-16
1382.96	3.770e-15
1383.44	3.070e-15
1383.93	4.791e-15
1384.41	3.170e-15
1384.89	2.260e-16
1385.37	0.000e+00
1385.85	0.000e+00
1386.34	1.525e-15
1386.82	1.059e-15
1387.30	2.441e-16
1387.78	4.678e-16
1388.26	1.310e-16
1388.75	2.188e-15
1389.23	1.109e-15
1389.71	2.318e-15
1390.19	0.000e+00
1390.67	0.000e+00
1391.16	0.000e+00
1391.64	0.000e+00
1392.12	0.000e+00
1392.60	0.000e+00
1393.08	0.000e+00
1393.57	0.000e+00
1394.05	0.000e+00
1394.53	8.651e-16
1395.01	4.605e-16
1395.49	4.159e-15
1395.98	0.000e+00
1396.46	2.584e-15
1396.94	0.000e+00
1397.42	0.000e+00
1397.90	0.000e+00
1398.39	0.000e+00
1398.87	0.000e+00
1399.35	0.000e+00
1399.83	0.000e+00
1400.31	0.000e+00
1400.80	0.000e+00
1401.28	0.000e+00
1401.76	0.000e+00
1402.24	0.000e+00
1402.72	0.000e+00
1403.21	0.000e+00
1403.69	0.000e+00
1404.17	0.000e+00
1404.65	0.000e+00
1405.13	0.000e+00
1405.62	0.000e+00
1406.10	0.000e+00
1406.58	0.000e+00
1407.06	0.000e+00
1407.54	0.000e+00
1408.03	0.000e+00
1408.51	0.000e+00
1408.99	0.000e+00
1409.47	0.000e+00
1409.95	0.000e+00
1410.44	0.000e+00
1410.92	0.000e+00
1411.40	0.000e+00
1411.88	0.000e+00
1412.36	0.000e+00
1412.84	0.000e+00
1413.33	0.000e+00
1413.81	0.000e+00
1414.29	0.000e+00
1414.77	0.000e+00
1415.25	0.000e+00
1415.74	0.000e+00
1416.22	0.000e+00
1416.70	1.277e-15
1417.18	5.036e-16
1417.66	2.235e-15
1418.15	1.806e-15
1418.63	2.296e-15
1419.11	2.720e-15
1419.59	3.426e-15
1420.07	2.870e-15
1420.56	5.991e-15
1421.04	4.885e-15
1421.52	2.146e-15
1422.00	3.085e-15
1422.48	3.367e-15
1422.97	3.484e-15
1423.45	4.620e-15
1423.93	4.154e-15
1424.41	3.880e-15
1424.89	4.538e-15
1425.38	5.873e-15
1425.86	4.626e-15
1426.34	4.139e-15
1426.82	2.724e-15
1427.30	4.717e-15
1427.79	2.061e-15
1428.27	4.389e-15
1428.75	5.717e-15
1429.23	3.465e-15
1429.71	5.911e-15
1430.20	5.670e-15
1430.68	8.459e-15
1431.16	6.508e-15
1431.64	4.973e-15
1432.12	7.912e-15
1432.61	3.968e-15
1433.09	4.225e-15
1433.57	5.180e-15
1434.05	5.893e-15
1434.53	7.147e-15
1435.02	3.948e-15
1435.50	2.804e-15
1435.98	4.964e-15
1436.46	2.861e-15
1436.94	2.581e-15
1437.43	5.080e-15
1437.91	5.817e-15
1438.39	7.831e-15
1438.87	3.264e-15
1439.35	4.311e-15
1439.83	7.106e-15
1440.32	5.125e-15
1440.80	5.255e-15
1441.28	5.053e-15
1441.76	4.744e-15
1442.24	4.922e-15
1442.73	4.038e-15
1443.21	4.611e-15
1443.69	6.572e-15
1444.17	6.174e-15
1444.65	5.474e-15
1445.14	6.121e-15
1445.62	5.683e-15
1446.10	5.389e-15
1446.58	4.464e-15
1447.06	7.317e-15
1447.55	4.873e-15
1448.03	5.809e-15
1448.51	3.967e-15
1448.99	5.701e-15
1449.47	4.760e-15
1449.96	5.763e-15
1450.44	4.413e-15
1450.92	5.127e-15
1451.40	6.587e-15
1451.88	5.827e-15
1452.37	5.452e-15
1452.85	7.618e-15
1453.33	5.671e-15
1453.81	5.089e-15
1454.29	5.160e-15
1454.78	5.122e-15
1455.26	3.950e-15
1455.74	3.714e-15
1456.22	4.339e-15
1456.70	4.079e-15
1457.19	4.615e-15
1457.67	5.300e-15
1458.15	5.268e-15
1458.63	3.555e-15
1459.11	3.959e-15
1459.60	2.086e-15
1460.08	5.565e-15
1460.56	4.793e-15
1461.04	3.719e-15
1461.52	2.331e-15
1462.01	3.904e-15
1462.49	5.053e-15
1462.97	3.871e-15
1463.45	3.903e-15
1463.93	3.625e-15
1464.42	1.794e-15
1464.90	3.172e-15
1465.38	4.007e-15
1465.86	4.392e-15
1466.34	4.686e-15
1466.83	4.084e-15
1467.31	3.063e-15
1467.79	3.266e-15
1468.27	3.613e-15
1468.75	3.241e-15
1469.23	3.635e-15
1469.72	4.689e-15
1470.20	2.935e-15
1470.68	2.096e-15
1471.16	2.947e-15
1471.64	3.055e-15
1472.13	4.280e-15
1472.61	5.547e-15
1473.09	5.496e-15
1473.57	4.120e-15
1474.05	6.788e-15
1474.54	7.239e-15
1475.02	4.128e-15
1475.50	2.793e-15
1475.98	4.465e-15
1476.46	6.259e-15
1476.95	5.837e-15
1477.43	6.578e-15
1477.91	6.061e-15
1478.39	7.755e-15
1478.87	7.157e-15
1479.36	6.640e-15
1479.84	7.075e-15
1480.32	6.899e-15
1480.80	6.840e-15
1481.28	7.594e-15
1481.77	5.887e-15
1482.25	6.826e-15
1482.73	7.861e-15
1483.21	4.910e-15
1483.69	7.973e-15
1484.18	6.118e-15
1484.66	5.423e-15
1485.14	6.909e-15
1485.62	3.957e-15
1486.10	3.535e-15
1486.59	3.665e-15
1487.07	1.846e-15
1487.55	2.688e-15
1488.03	1.975e-15
1488.51	2.298e-15
1489.00	2.041e-15
1489.48	7.604e-16
1489.96	0.000e+00
1490.44	0.000e+00
1490.92	0.000e+00
1491.41	0.000e+00
1491.89	0.000e+00
1492.37	0.000e+00
1492.85	0.000e+00
1493.33	0.000e+00
1493.82	0.000e+00
1494.30	0.000e+00
1494.78	0.000e+00
1495.26	0.000e+00
1495.74	0.000e+00
1496.22	0.000e+00
1496.71	0.000e+00
1497.19	0.000e+00
1497.67	0.000e+00
1498.15	0.000e+00
1498.63	0.000e+00
1499.12	0.000e+00
1499.60	0.000e+00
1500.08	0.000e+00
1500.56	0.000e+00
1501.04	0.000e+00
1501.53	0.000e+00
1502.01	0.000e+00
1502.49	0.000e+00
1502.97	0.000e+00
1503.45	0.000e+00
1503.94	0.000e+00
1504.42	0.000e+00
1504.90	0.000e+00
1505.38	0.000e+00
1505.86	0.000e+00
1506.35	0.000e+00
1506.83	0.000e+00
1507.31	0.000e+00
1507.79	0.000e+00
1508.27	0.000e+00
1508.76	0.000e+00
1509.24	0.000e+00
1509.72	0.000e+00
1510.20	0.000e+00
1510.68	0.000e+00
1511.17	0.000e+00
1511.65	0.000e+00
1512.13	0.000e+00
1512.61	0.000e+00
1513.09	0.000e+00
1513.58	0.000e+00
1514.06	0.000e+00
1514.54	0.000e+00
1515.02	0.000e+00
1515.50	0.000e+00
1515.99	0.000e+00
1516.47	0.000e+00
1516.95	0.000e+00
1517.43	0.000e+00
1517.91	0.000e+00
1518.40	0.000e+00
1518.88	0.000e+00
1519.36	0.000e+00
1519.84	0.000e+00
1520.32	0.000e+00
1520.81	0.000e+00
1521.29	0.000e+00
1521.77	0.000e+00
1522.25	0.000e+00
1522.73	0.000e+00
1523.22	0.000e+00
1523.70	0.000e+00
1524.18	0.000e+00
1524.66	0.000e+00
1525.14	0.000e+00
1525.62	0.000e+00
1526.11	0.000e+00
1526.59	0.000e+00
1527.07	0.000e+00
1527.55	0.000e+00
1528.03	0.000e+00
1528.52	0.000e+00
1529.00	0.000e+00
1529.48	0.000e+00
1529.96	0.000e+00
1530.44	0.000e+00
1530.93	0.000e+00
1531.41	0.000e+00
1531.89	0.000e+00
1532.37	0.000e+00
1532.85	0.000e+00
1533.34	0.000e+00
1533.82	0.000e+00
1534.30	0.000e+00
1534.78	0.000e+00
1535.26	0.000e+00
1535.75	0.000e+00
1536.23	0.000e+00
1536.71	0.000e+00
1537.19	0.000e+00
1537.67	0.000e+00
1538.16	0.000e+00
1538.64	0.000e+00
1539.12	0.000e+00
1539.60	0.000e+00
1540.08	0.000e+00
1540.57	0.000e+00
1541.05	0.000e+00
1541.53	0.000e+00
1542.01	0.000e+00
1542.49	0.000e+00
1542.98	0.000e+00
1543.46	0.000e+00
1543.94	0.000e+00
1544.42	0.000e+00
1544.90	0.000e+00
1545.39	0.000e+00
1545.87	0.000e+00
1546.35	0.000e+00
1546.83	0.000e+00
1547.31	0.000e+00
1547.80	0.000e+00
1548.28	0.000e+00
1548.76	0.000e+00
1549.24	0.000e+00
1549.72	0.000e+00
1550.21	0.000e+00
1550.69	0.000e+00
1551.17	0.000e+00
1551.65	0.000e+00
1552.13	0.000e+00
1552.61	0.000e+00
1553.10	0.000e+00
1553.58	0.000e+00
1554.06	0.000e+00
1554.54	0.000e+00
1555.02	0.000e+00
1555.51	0.000e+00
1555.99	0.000e+00
1556.47	0.000e+00
1556.95	0.000e+00
1557.43	0.000e+00
1557.92	0.000e+00
1558.40	0.000e+00
1558.88	0.000e+00
1559.36	0.000e+00
1559.84	0.000e+00
1560.33	0.000e+00
1560.81	0.000e+00
1561.29	0.000e+00
1561.77	0.000e+00
1562.25	0.000e+00
1562.74	0.000e+00
1563.22	0.000e+00
1563.70	0.000e+00
1564.18	0.000e+00
1564.66	0.000e+00
1565.15	0.000e+00
1565.63	0.000e+00
1566.11	0.000e+00
1566.59	0.000e+00
1567.07	0.000e+00
1567.56	0.000e+00
1568.04	0.000e+00
1568.52	0.000e+00
1569.00	0.000e+00
1569.48	0.000e+00
1569.97	0.000e+00
1570.45	0.000e+00
1570.93	0.000e+00
1571.41	0.000e+00
1571.89	0.000e+00
1572.38	0.000e+00
1572.86	0.000e+00
1573.34	0.000e+00
1573.82	0.000e+00
1574.30	0.000e+00
1574.79	0.000e+00
1575.27	0.000e+00
1575.75	0.000e+00
1576.23	0.000e+00
1576.71	0.000e+00
1577.20	0.000e+00
1577.68	0.000e+00
1578.16	0.000e+00
1578.64	0.000e+00
1579.12	0.000e+00
1579.60	0.000e+00
1580.09	0.000e+00
1580.57	0.000e+00
1581.05	0.000e+00
1581.53	0.000e+00
1582.01	0.000e+00
1582.50	0.000e+00
1582.98	0.000e+00
1583.46	0.000e+00
1583.94	1.167e-15
1584.42	7.976e-16
1584.91	1.297e-15
1585.39	2.170e-15
1585.87	1.294e-15
1586.35	6.326e-16
1586.83	2.157e-16
1587.32	6.974e-16
1587.80	7.496e-16
1588.28	7.728e-17
1588.76	1.241e-15
1589.24	7.223e-16
1589.73	3.786e-16
1590.21	5.631e-16
1590.69	2.748e-16
1591.17	1.903e-15
1591.65	3.228e-15
1592.14	2.813e-15
1592.62	2.552e-15
1593.10	2.916e-15
1593.58	3.912e-15
1594.06	3.833e-15
1594.55	2.525e-15
1595.03	2.885e-15
1595.51	2.774e-15
1595.99	2.927e-15
1596.47	3.049e-15
1596.96	3.383e-15
1597.44	4.471e-15
1597.92	4.516e-15
1598.40	4.025e-15
1598.88	4.376e-15
1599.37	4.849e-15
1599.85	2.996e-15
1600.33	3.102e-15
1600.81	3.673e-15
1601.29	2.856e-15
1601.78	3.342e-15
1602.26	3.312e-15
1602.74	3.328e-15
1603.22	2.730e-15
1603.70	2.959e-15
1604.19	3.675e-15
1604.67	3.159e-15
1605.15	3.827e-15
1605.63	4.743e-15
1606.11	4.688e-15
1606.60	3.533e-15
1607.08	2.351e-15
1607.56	2.606e-15
1608.04	4.335e-15
1608.52	3.770e-15
1609.00	3.706e-15
1609.49	2.646e-15
1609.97	2.455e-15
1610.45	2.039e-15
1610.93	2.337e-15
1611.41	2.519e-15
1611.90	2.695e-15
1612.38	3.716e-15
1612.86	3.900e-15
1613.34	4.371e-15
1613.82	4.486e-15
1614.31	3.150e-15
1614.79	2.344e-15
1615.27	2.601e-15
1615.75	2.896e-15
1616.23	2.078e-15
1616.72	1.418e-15
1617.20	2.104e-15
1617.68	1.685e-15
1618.16	3.166e-15
1618.64	3.688e-15
1619.13	3.364e-15
1619.61	3.078e-15
1620.09	4.155e-15
1620.57	4.132e-15
1621.05	2.378e-15
1621.54	5.786e-15
1622.02	6.180e-15
1622.50	4.679e-15
1622.98	4.174e-15
1623.46	4.024e-15
1623.95	3.771e-15
1624.43	2.009e-15
1624.91	9.698e-16
1625.39	0.000e+00
1625.87	4.482e-16
1626.36	1.523e-15
1626.84	0.000e+00
1627.32	0.000e+00
1627.80	0.000e+00
1628.28	0.000e+00
1628.77	0.000e+00
1629.25	0.000e+00
1629.73	0.000e+00
1630.21	0.000e+00
1630.69	0.000e+00
1631.18	0.000e+00
1631.66	0.000e+00
1632.14	0.000e+00
1632.62	0.000e+00
1633.10	0.000e+00
1633.59	0.000e+00
1634.07	0.000e+00
1634.55	0.000e+00
1635.03	0.000e+00
1635.51	0.000e+00
1635.99	0.000e+00
1636.48	0.000e+00
1636.96	0.000e+00
1637.44	0.000e+00
1637.92	0.000e+00
1638.40	0.000e+00
1638.89	0.000e+00
1639.37	0.000e+00
1639.85	0.000e+00
1640.33	0.000e+00
1640.81	0.000e+00
1641.30	0.000e+00
1641.78	0.000e+00
1642.26	0.000e+00
1642.74	0.000e+00
1643.22	0.000e+00
1643.71	0.000e+00
1644.19	0.000e+00
1644.67	0.000e+00
1645.15	9.426e-16
1645.63	1.639e-15
1646.12	1.540e-15
1646.60	6.130e-16
1647.08	1.141e-15
1647.56	1.759e-15
1648.04	5.370e-16
1648.53	1.401e-15
1649.01	2.041e-15
1649.49	1.546e-15
1649.97	2.298e-15
1650.45	1.968e-15
1650.94	1.456e-16
1651.42	0.000e+00
1651.90	1.488e-15
1652.38	2.687e-15
1652.86	1.676e-15
1653.35	2.115e-15
1653.83	2.616e-15
1654.31	2.406e-15
1654.79	2.316e-15
1655.27	2.112e-15
1655.76	2.154e-15
1656.24	2.937e-15
1656.72	3.111e-15
1657.20	2.905e-15
1657.68	2.327e-15
1658.17	2.453e-15
1658.65	2.017e-15
1659.13	1.141e-15
1659.61	1.376e-15
1660.09	1.101e-15
1660.58	3.516e-16
1661.06	0.000e+00
1661.54	0.000e+00
1662.02	0.000e+00
1662.50	0.000e+00
1662.99	0.000e+00
1663.47	0.000e+00
1663.95	0.000e+00
1664.43	0.000e+00
1664.91	0.000e+00
1665.39	0.000e+00
1665.88	0.000e+00
1666.36	0.000e+00
1666.84	0.000e+00
1667.32	0.000e+00
1667.80	0.000e+00
1668.29	0.000e+00
1668.77	0.000e+00
1669.25	0.000e+00
1669.73	0.000e+00
1670.21	0.000e+00
1670.70	0.000e+00
1671.18	0.000e+00
1671.66	0.000e+00
1672.14	0.000e+00
1672.62	0.000e+00
1673.11	0.000e+00
1673.59	0.000e+00
1674.07	0.000e+00
1674.55	0.000e+00
1675.03	0.000e+00
1675.52	0.000e+00
1676.00	0.000e+00
1676.48	0.000e+00
1676.96	0.000e+00
1677.44	0.000e+00
1677.93	0.000e+00
1678.41	0.000e+00
1678.89	0.000e+00
1679.37	0.000e+00
1679.85	0.000e+00
1680.34	0.000e+00
1680.82	0.000e+00
1681.30	0.000e+00
1681.78	0.000e+00
1682.26	0.000e+00
1682.75	0.000e+00
1683.23	0.000e+00
1683.71	0.000e+00
1684.19	0.000e+00
1684.67	0.000e+00
1685.16	0.000e+00
1685.64	0.000e+00
1686.12	0.000e+00
1686.60	0.000e+00
1687.08	0.000e+00
1687.57	0.000e+00
1688.05	0.000e+00
1688.53	0.000e+00
1689.01	0.000e+00
1689.49	0.000e+00
1689.98	0.000e+00
1690.46	0.000e+00
1690.94	0.000e+00
1691.42	0.000e+00
1691.90	0.000e+00
1692.38	0.000e+00
1692.87	0.000e+00
1693.35	0.000e+00
1693.83	0.000e+00
1694.31	0.000e+00
1694.79	0.000e+00
1695.28	0.000e+00
1695.76	0.000e+00
1696.24	0.000e+00
1696.72	0.000e+00
1697.20	0.000e+00
1697.69	0.000e+00
1698.17	0.000e+00
1698.65	0.000e+00
1699.13	0.000e+00
1699.61	0.000e+00
1700.10	0.000e+00
1700.58	0.000e+00
1701.06	4.402e-16
1701.54	5.702e-16
1702.02	8.928e-16
1702.51	1.733e-15
1702.99	9.418e-16
1703.47	1.446e-15
1703.95	1.681e-15
1704.43	1.372e-15
1704.92	1.820e-15
1705.40	2.554e-15
1705.88	3.100e-15
1706.36	4.142e-15
1706.84	3.478e-15
1707.33	3.789e-15
1707.81	3.862e-15
1708.29	3.482e-15
1708.77	3.520e-15
1709.25	3.518e-15
1709.74	2.961e-15
1710.22	3.952e-15
1710.70	3.750e-15
1711.18	4.161e-15
1711.66	3.324e-15
1712.15	2.575e-15
1712.63	2.847e-15
1713.11	3.014e-15
1713.59	3.807e-15
1714.07	5.140e-15
1714.56	5.260e-15
1715.04	5.269e-15
1715.52	5.824e-15
1716.00	5.948e-15
1716.48	6.051e-15
1716.97	6.008e-15
1717.45	5.702e-15
1717.93	5.606e-15
1718.41	4.611e-15
1718.89	5.606e-15
1719.38	5.833e-15
1719.86	5.350e-15
1720.34	5.238e-15
1720.82	4.995e-15
1721.30	5.452e-15
1721.78	6.268e-15
1722.27	5.769e-15
1722.75	4.641e-15
1723.23	4.001e-15
1723.71	3.948e-15
1724.19	3.752e-15
1724.68	3.567e-15
1725.16	3.715e-15
1725.64	3.462e-15
1726.12	2.219e-15
1726.60	2.668e-15
1727.09	3.419e-15
1727.57	3.727e-15
1728.05	3.180e-15
1728.53	3.433e-15
1729.01	3.307e-15
1729.50	2.909e-15
1729.98	2.427e-15
1730.46	2.367e-15
1730.94	3.044e-15
1731.42	2.484e-15
1731.91	1.735e-15
1732.39	1.641e-15
1732.87	0.000e+00
1733.35	0.000e+00
1733.83	0.000e+00
1734.32	0.000e+00
1734.80	0.000e+00
1735.28	0.000e+00
1735.76	0.000e+00
1736.24	0.000e+00
1736.73	0.000e+00
1737.21	0.000e+00
1737.69	0.000e+00
1738.17	0.000e+00
1738.65	0.000e+00
1739.14	0.000e+00
1739.62	0.000e+00
1740.10	0.000e+00
1740.58	0.000e+00
1741.06	0.000e+00
1741.55	0.000e+00
1742.03	0.000e+00
1742.51	0.000e+00
1742.99	0.000e+00
1743.47	0.000e+00
1743.96	0.000e+00
1744.44	0.000e+00
1744.92	0.000e+00
1745.40	0.000e+00
1745.88	0.000e+00
1746.37	0.000e+00
1746.85	0.000e+00
1747.33	0.000e+00
1747.81	0.000e+00
1748.29	0.000e+00
1748.77	0.000e+00
1749.26	0.000e+00
1749.74	0.000e+00
1750.22	0.000e+00
1750.70	0.000e+00
1751.18	0.000e+00
1751.67	0.000e+00
1752.15	0.000e+00
1752.63	0.000e+00
1753.11	0.000e+00
1753.59	0.000e+00
1754.08	0.000e+00
1754.56	0.000e+00
1755.04	0.000e+00
1755.52	0.000e+00
1756.00	0.000e+00
1756.49	7.084e-16
1756.97	9.125e-16
1757.45	3.635e-15
1757.93	4.027e-15
1758.41	4.467e-15
1758.90	5.025e-15
1759.38	4.023e-15
1759.86	4.190e-15
1760.34	4.880e-15
1760.82	2.575e-15
1761.31	1.288e-15
1761.79	1.581e-15
1762.27	2.373e-15
1762.75	2.581e-15
1763.23	2.126e-15
1763.72	2.143e-15
1764.20	1.723e-15
1764.68	1.618e-15
1765.16	1.107e-15
1765.64	6.732e-16
1766.13	1.345e-15
1766.61	3.088e-15
1767.09	4.093e-15
1767.57	3.972e-15
1768.05	3.982e-15
1768.54	3.444e-15
1769.02	2.885e-15
1769.50	3.077e-15
1769.98	3.569e-15
1770.46	3.981e-15
1770.95	4.171e-15
1771.43	3.560e-15
1771.91	3.093e-15
1772.39	3.113e-15
1772.87	3.467e-15
1773.36	3.692e-15
1773.84	2.637e-15
1774.32	2.258e-15
1774.80	3.164e-15
1775.28	2.619e-15
1775.76	1.705e-15
1776.25	1.834e-15
1776.73	1.177e-15
1777.21	1.225e-15
1777.69	9.457e-16
1778.17	1.295e-15
1778.66	1.544e-15
1779.14	1.655e-15
1779.62	1.466e-15
1780.10	5.706e-16
1780.58	0.0
1781.07	0.0
1781.55	0.0
1782.03	0.0
1782.51	0.0
1782.99	0.0
1783.48	0.0
1783.96	0.0
1784.44	0.0
1784.92	0.0
1785.40	0.0
1785.89	0.0
1786.37	0.0
1786.85	0.0
1787.33	0.0
1787.81	0.0
1788.30	0.0
1788.78	0.0
1789.26	0.0
1789.74	1.545e-15
1790.22	2.040e-15
1790.71	1.561e-15
1791.19	1.288e-15
1791.67	4.991e-16
1792.15	4.563e-16
1792.63	8.089e-16
1793.12	3.996e-16
1793.60	0.0
1794.08	0.0
1794.56	0.0
1795.04	0.0
1795.53	0.0
1796.01	0.0
1796.49	0.000e+00
1796.97	0.000e+00
1797.45	0.000e+00
1797.94	0.000e+00
1798.42	0.000e+00
1798.90	0.000e+00
1799.38	0.000e+00
1799.86	0.000e+00
1800.35	0.000e+00
1800.83	0.000e+00
1801.31	0.000e+00
1801.79	0.000e+00
1802.27	0.000e+00
1802.76	0.000e+00
1803.24	4.533e-16
1803.72	5.102e-16
1804.20	5.558e-16
1804.68	0.000e+00
1805.16	0.000e+00
1805.65	0.000e+00
1806.13	3.167e-17
1806.61	2.745e-16
1807.09	5.153e-16
1807.57	7.679e-16
1808.06	0.000e+00
1808.54	0.000e+00
1809.02	0.000e+00
1809.50	0.000e+00
1809.98	5.752e-16
1810.47	5.192e-16
1810.95	1.005e-15
1811.43	1.113e-15
1811.91	1.144e-15
1812.39	1.596e-15
1812.88	1.160e-15
1813.36	1.608e-16
1813.84	0.000e+00
1814.32	8.126e-17
1814.80	5.637e-16
1815.29	0.000e+00
1815.77	0.000e+00
1816.25	0.000e+00
1816.73	1.380e-16
1817.21	0.000e+00
1817.70	0.000e+00
1818.18	0.000e+00
1818.66	0.000e+00
1819.14	0.000e+00
1819.62	6.902e-16
1820.11	1.824e-15
1820.59	2.701e-15
1821.07	1.637e-15
1821.55	1.578e-15
1822.03	2.736e-15
1822.52	2.460e-15
1823.00	1.968e-15
1823.48	2.497e-15
1823.96	2.978e-15
1824.44	2.276e-15
1824.93	1.998e-15
1825.41	3.235e-15
1825.89	3.380e-15
1826.37	2.358e-15
1826.85	1.400e-15
1827.34	1.554e-15
1827.82	9.500e-16
1828.30	1.468e-15
1828.78	1.244e-15
1829.26	1.069e-15
1829.75	1.520e-15
1830.23	1.175e-15
1830.71	1.694e-15
1831.19	1.620e-15
1831.67	1.718e-15
1832.15	1.656e-15
1832.64	5.589e-16
1833.12	7.286e-16
1833.60	6.822e-16
1834.08	5.098e-16
1834.56	8.051e-16
1835.05	4.943e-16
1835.53	3.504e-16
1836.01	6.056e-16
1836.49	4.891e-16
1836.97	0.000e+00
1837.46	0.000e+00
1837.94	0.000e+00
1838.42	0.000e+00
1838.90	0.000e+00
1839.38	0.000e+00
1839.87	0.000e+00
1840.35	0.000e+00
1840.83	0.000e+00
1841.31	0.000e+00
1841.79	0.000e+00
1842.28	0.000e+00
1842.76	0.000e+00
1843.24	0.000e+00
1843.72	0.000e+00
1844.20	0.000e+00
1844.69	0.000e+00
1845.17	0.000e+00
1845.65	0.000e+00
1846.13	0.000e+00
1846.61	0.000e+00
1847.10	0.000e+00
1847.58	0.000e+00
1848.06	0.000e+00
1848.54	0.000e+00
1849.02	0.000e+00
1849.51	0.000e+00
1849.99	0.000e+00
1850.47	0.000e+00
1850.95	0.000e+00
1851.43	0.000e+00
1851.92	0.000e+00
1852.40	0.000e+00
1852.88	0.000e+00
1853.36	0.000e+00
1853.84	0.000e+00
1854.33	0.000e+00
1854.81	0.000e+00
1855.29	0.000e+00
1855.77	0.000e+00
1856.25	0.000e+00
1856.74	0.000e+00
1857.22	0.000e+00
1857.70	0.000e+00
1858.18	0.000e+00
1858.66	0.000e+00
1859.15	0.000e+00
1859.63	0.000e+00
1860.11	0.000e+00
1860.59	0.000e+00
1861.07	0.000e+00
1861.55	0.000e+00
1862.04	0.000e+00
1862.52	0.000e+00
1863.00	0.000e+00
1863.48	0.000e+00
1863.96	0.000e+00
1864.45	0.000e+00
1864.93	0.000e+00
1865.41	0.000e+00
1865.89	0.000e+00
1866.37	0.000e+00
1866.86	0.000e+00
1867.34	0.000e+00
1867.82	0.000e+00
1868.30	0.000e+00
1868.78	0.000e+00
1869.27	0.000e+00
1869.75	0.000e+00
1870.23	0.000e+00
1870.71	0.000e+00
1871.19	0.000e+00
1871.68	0.000e+00
1872.16	0.000e+00
1872.64	0.000e+00
1873.12	0.000e+00
1873.60	0.000e+00
1874.09	0.000e+00
1874.57	0.000e+00
1875.05	0.000e+00
1875.53	0.000e+00
1876.01	0.000e+00
1876.50	0.000e+00
1876.98	0.000e+00
1877.46	0.000e+00
1877.94	0.000e+00
1878.42	0.000e+00
1878.91	0.000e+00
1879.39	0.000e+00
1879.87	0.000e+00
1880.35	0.000e+00
1880.83	0.000e+00
1881.32	0.000e+00
1881.80	0.000e+00
1882.28	0.000e+00
1882.76	0.000e+00
1883.24	0.000e+00
1883.73	0.000e+00
1884.21	0.000e+00
1884.69	0.000e+00
1885.17	0.000e+00
1885.65	0.000e+00
1886.14	0.000e+00
1886.62	0.000e+00
1887.10	0.000e+00
1887.58	0.000e+00
1888.06	0.000e+00
1888.54	0.000e+00
1889.03	0.000e+00
1889.51	0.000e+00
1889.99	0.000e+00
1890.47	0.000e+00
1890.95	0.000e+00
1891.44	0.000e+00
1891.92	0.000e+00
1892.40	0.000e+00
1892.88	0.000e+00
1893.36	0.000e+00
1893.85	0.000e+00
1894.33	0.000e+00
1894.81	0.000e+00
1895.29	0.000e+00
1895.77	0.000e+00
1896.26	0.000e+00
1896.74	0.000e+00
1897.22	0.000e+00
1897.70	0.000e+00
1898.18	0.000e+00
1898.67	0.000e+00
1899.15	0.000e+00
1899.63	0.000e+00
1900.11	0.000e+00
1900.59	0.000e+00
1901.08	0.000e+00
1901.56	0.000e+00
1902.04	0.000e+00
1902.52	0.000e+00
1903.00	0.000e+00
1903.49	0.000e+00
1903.97	0.000e+00
1904.45	0.000e+00
1904.93	0.000e+00
1905.41	0.000e+00
1905.90	0.000e+00
1906.38	0.000e+00
1906.86	0.000e+00
1907.34	0.000e+00
1907.82	0.000e+00
1908.31	0.000e+00
1908.79	0.000e+00
1909.27	0.000e+00
1909.75	0.000e+00
1910.23	0.000e+00
1910.72	0.000e+00
1911.20	0.000e+00
1911.68	0.000e+00
1912.16	0.000e+00
1912.64	0.000e+00
1913.13	0.000e+00
1913.61	0.000e+00
1914.09	0.000e+00
1914.57	0.000e+00
1915.05	0.000e+00
1915.54	0.000e+00
1916.02	0.000e+00
1916.50	0.000e+00
1916.98	0.000e+00
1917.46	0.000e+00
1917.94	0.000e+00
1918.43	0.000e+00
1918.91	0.000e+00
1919.39	0.000e+00
1919.87	0.000e+00
1920.35	0.000e+00
1920.84	0.000e+00
1921.32	0.000e+00
1921.80	0.000e+00
1922.28	0.000e+00
1922.76	0.000e+00
1923.25	0.000e+00
1923.73	0.000e+00
1924.21	0.000e+00
1924.69	0.000e+00
1925.17	0.000e+00
1925.66	0.000e+00
1926.14	0.000e+00
1926.62	0.000e+00
1927.10	0.000e+00
1927.58	0.000e+00
1928.07	0.000e+00
1928.55	0.000e+00
1929.03	0.000e+00
1929.51	0.000e+00
1929.99	0.000e+00
1930.48	0.000e+00
1930.96	0.000e+00
1931.44	0.000e+00
1931.92	0.000e+00
1932.40	0.000e+00
1932.89	0.000e+00
1933.37	0.000e+00
1933.85	0.000e+00
1934.33	0.000e+00
1934.81	0.000e+00
1935.30	0.000e+00
1935.78	0.000e+00
1936.26	0.000e+00
1936.74	0.000e+00
1937.22	0.000e+00
1937.71	0.000e+00
1938.19	0.000e+00
1938.67	0.000e+00
1939.15	0.000e+00
1939.63	0.000e+00
1940.12	0.000e+00
1940.60	0.000e+00
1941.08	0.000e+00
1941.56	0.000e+00
1942.04	0.000e+00
1942.53	0.000e+00
1943.01	0.000e+00
1943.49	0.000e+00
1943.97	0.000e+00
1944.45	0.000e+00
1944.93	0.000e+00
1945.42	0.000e+00
1945.90	0.000e+00
1946.38	0.000e+00
1946.86	0.000e+00
1947.34	0.000e+00
1947.83	0.000e+00
1948.31	0.000e+00
1948.79	0.000e+00
1949.27	0.000e+00
1949.75	0.000e+00
1950.24	0.000e+00
1950.72	0.000e+00
1951.20	0.000e+00
1951.68	0.000e+00
1952.16	0.000e+00
1952.65	0.000e+00
1953.13	0.000e+00
1953.61	0.000e+00
1954.09	0.000e+00
1954.57	0.000e+00
1955.06	0.000e+00
1955.54	0.000e+00
1956.02	0.000e+00
1956.50	0.000e+00
1956.98	0.000e+00
1957.47	0.000e+00
1957.95	0.000e+00
1958.43	0.000e+00
1958.91	0.000e+00
1959.39	0.000e+00
1959.88	0.000e+00
1960.36	0.000e+00
1960.84	0.000e+00
1961.32	0.000e+00
1961.80	0.000e+00
1962.29	0.000e+00
1962.77	0.000e+00
1963.25	0.000e+00
1963.73	0.000e+00
1964.21	0.000e+00
1964.70	0.000e+00
1965.18	0.000e+00
1965.66	0.000e+00
1966.14	0.000e+00
1966.62	0.000e+00
1967.11	0.000e+00
1967.59	0.000e+00
1968.07	0.000e+00
1968.55	0.000e+00
1969.03	0.000e+00
1969.52	0.000e+00
1970.00	0.000e+00
1970.48	0.000e+00
1970.96	0.000e+00
1971.44	0.000e+00
1971.92	0.000e+00
1972.41	0.000e+00
1972.89	0.000e+00
1973.37	0.000e+00
1973.85	0.000e+00
1974.33	0.000e+00
1974.82	0.000e+00
1975.30	0.000e+00
1975.78	0.000e+00
1976.26	0.000e+00
1976.74	0.000e+00
1977.23	0.000e+00
1977.71	0.000e+00
1978.19	0.000e+00
1978.67	0.000e+00
1979.15	0.000e+00
1979.64	0.000e+00
1980.12	0.000e+00
1980.60	0.000e+00
1981.08	0.000e+00
1981.56	0.000e+00
1982.05	0.000e+00
1982.53	0.000e+00
1983.01	0.000e+00
1983.49	0.000e+00
1983.97	0.000e+00
1984.46	0.000e+00
1984.94	0.000e+00
1985.42	0.000e+00
1985.90	0.000e+00
1986.38	0.000e+00
1986.87	0.000e+00
1987.35	0.000e+00
1987.83	0.000e+00
1988.31	0.000e+00
1988.79	0.000e+00
1989.28	0.000e+00
1989.76	0.000e+00
1990.24	0.000e+00
1990.72	0.000e+00
1991.20	0.000e+00
1991.69	0.000e+00
1992.17	0.000e+00
1992.65	0.000e+00
1993.13	0.000e+00
1993.61	0.000e+00
1994.10	0.000e+00
1994.58	0.000e+00
1995.06	0.000e+00
1995.54	0.000e+00
1996.02	0.000e+00
1996.51	0.000e+00
1996.99	0.000e+00
1997.47	0.000e+00
1997.95	0.000e+00
1998.43	0.000e+00
1998.92	0.000e+00
1999.40	0.000e+00
1999.88	0.000e+00
2000.36	0.000e+00
2000.84	0.000e+00
2001.32	0.000e+00
2001.81	0.000e+00
2002.29	0.000e+00
2002.77	0.000e+00
2003.25	0.000e+00
2003.73	0.000e+00
2004.22	0.000e+00
2004.70	0.000e+00
2005.18	0.000e+00
2005.66	0.000e+00
2006.14	0.000e+00
2006.63	0.000e+00
2007.11	0.000e+00
2007.59	0.000e+00
2008.07	0.000e+00
2008.55	0.000e+00
2009.04	1.885e-17
2009.52	1.875e-16
2010.00	1.001e-15
2010.48	1.672e-15
2010.96	2.351e-15
2011.45	1.763e-15
2011.93	4.320e-16
2012.41	4.889e-16
2012.89	1.461e-15
2013.37	1.386e-15
2013.86	1.329e-15
2014.34	1.873e-15
2014.82	1.985e-15
2015.30	1.379e-15
2015.78	7.522e-16
2016.27	9.364e-16
2016.75	1.036e-15
2017.23	1.202e-15
2017.71	1.193e-15
2018.19	8.526e-16
2018.68	1.059e-15
2019.16	1.488e-15
2019.64	1.381e-15
2020.12	1.407e-15
2020.60	2.150e-15
2021.09	2.809e-15
2021.57	1.965e-15
2022.05	1.067e-15
2022.53	1.025e-15
2023.01	9.399e-16
2023.50	1.468e-15
2023.98	1.971e-15
2024.46	1.521e-15
2024.94	1.372e-15
2025.42	1.181e-15
2025.91	1.919e-15
2026.39	2.451e-15
2026.87	1.608e-15
2027.35	1.233e-15
2027.83	1.045e-15
2028.31	1.379e-15
2028.80	1.741e-15
2029.28	1.147e-15
2029.76	8.815e-16
2030.24	6.637e-16
2030.72	0.000e+00
2031.21	0.000e+00
2031.69	0.000e+00
2032.17	0.000e+00
2032.65	0.000e+00
2033.13	0.000e+00
2033.62	0.000e+00
2034.10	0.000e+00
2034.58	0.000e+00
2035.06	0.000e+00
2035.54	0.000e+00
2036.03	0.000e+00
2036.51	0.000e+00
2036.99	0.000e+00
2037.47	0.000e+00
2037.95	0.000e+00
2038.44	0.000e+00
2038.92	0.000e+00
2039.40	0.000e+00
2039.88	1.141e-15
2040.36	1.107e-15
2040.85	1.276e-15
2041.33	1.236e-15
2041.81	9.411e-16
2042.29	8.168e-16
2042.77	1.004e-15
2043.26	1.213e-15
2043.74	9.102e-16
2044.22	1.328e-15
2044.70	1.445e-15
2045.18	1.058e-15
2045.67	8.109e-16
2046.15	8.410e-16
2046.63	1.070e-15
2047.11	2.591e-16
2047.59	0.000e+00
2048.08	3.589e-16
2048.56	8.370e-16
2049.04	1.668e-15
2049.52	2.276e-15
2050.00	1.945e-15
2050.49	1.373e-15
2050.97	1.957e-15
2051.45	1.466e-15
2051.93	0.000e+00
2052.41	0.000e+00
2052.90	0.000e+00
2053.38	0.000e+00
2053.86	0.000e+00
2054.34	0.000e+00
2054.82	0.000e+00
2055.31	0.000e+00
2055.79	0.000e+00
2056.27	0.000e+00
2056.75	0.000e+00
2057.23	0.000e+00
2057.71	0.000e+00
2058.20	0.000e+00
2058.68	0.000e+00
2059.16	0.000e+00
2059.64	0.000e+00
2060.12	0.000e+00
2060.61	0.000e+00
2061.09	0.000e+00
2061.57	0.000e+00
2062.05	0.000e+00
2062.53	0.000e+00
2063.02	0.000e+00
2063.50	0.000e+00
2063.98	0.000e+00
2064.46	0.000e+00
2064.94	0.000e+00
2065.43	0.000e+00
2065.91	0.000e+00
2066.39	0.000e+00
2066.87	0.000e+00
2067.35	0.000e+00
2067.84	0.000e+00
2068.32	0.000e+00
2068.80	0.000e+00
2069.28	0.000e+00
2069.76	0.000e+00
2070.25	0.000e+00
2070.73	0.000e+00
2071.21	0.000e+00
2071.69	0.000e+00
2072.17	0.000e+00
2072.66	0.000e+00
2073.14	0.000e+00
2073.62	0.000e+00
2074.10	0.000e+00
2074.58	0.000e+00
2075.07	0.000e+00
2075.55	0.000e+00
2076.03	0.000e+00
2076.51	0.000e+00
2076.99	0.000e+00
2077.48	0.000e+00
2077.96	0.000e+00
2078.44	0.000e+00
2078.92	0.000e+00
2079.40	0.000e+00
2079.89	0.000e+00
2080.37	0.000e+00
2080.85	0.000e+00
2081.33	0.000e+00
2081.81	0.000e+00
2082.30	0.000e+00
2082.78	0.000e+00
2083.26	0.000e+00
2083.74	0.000e+00
2084.22	0.000e+00
2084.70	0.000e+00
2085.19	0.000e+00
2085.67	0.000e+00
2086.15	0.000e+00
2086.63	0.000e+00
2087.11	0.000e+00
2087.60	0.000e+00
2088.08	0.000e+00
2088.56	0.000e+00
2089.04	0.000e+00
2089.52	0.000e+00
2090.01	0.000e+00
2090.49	0.000e+00
2090.97	0.000e+00
2091.45	0.000e+00
2091.93	0.000e+00
2092.42	0.000e+00
2092.90	0.000e+00
2093.38	0.000e+00
2093.86	0.000e+00
2094.34	0.000e+00
2094.83	0.000e+00
2095.31	0.000e+00
2095.79	0.000e+00
2096.27	0.000e+00
2096.75	0.000e+00
2097.24	0.000e+00
2097.72	0.000e+00
2098.20	0.000e+00
2098.68	0.000e+00
2099.16	0.000e+00
2099.65	0.000e+00
2100.13	0.000e+00
2100.61	0.000e+00
2101.09	0.000e+00
2101.57	0.000e+00
2102.06	0.000e+00
2102.54	0.000e+00
2103.02	0.000e+00
2103.50	0.000e+00
2103.98	0.000e+00
2104.47	0.000e+00
2104.95	0.000e+00
2105.43	0.000e+00
2105.91	0.000e+00
2106.39	0.000e+00
2106.88	0.000e+00
2107.36	0.000e+00
2107.84	0.000e+00
2108.32	0.000e+00
2108.80	0.000e+00
2109.29	0.000e+00
2109.77	0.000e+00
2110.25	0.000e+00
2110.73	0.000e+00
2111.21	0.000e+00
2111.70	0.000e+00
2112.18	0.000e+00
2112.66	0.000e+00
2113.14	0.000e+00
2113.62	0.000e+00
2114.10	0.000e+00
2114.59	0.000e+00
2115.07	0.000e+00
2115.55	0.000e+00
2116.03	0.000e+00
2116.51	0.000e+00
2117.00	0.000e+00
2117.48	0.000e+00
2117.96	0.000e+00
2118.44	0.000e+00
2118.92	0.000e+00
2119.41	0.000e+00
2119.89	0.000e+00
2120.37	0.000e+00
2120.85	0.000e+00
2121.33	0.000e+00
2121.82	0.000e+00
2122.30	0.000e+00
2122.78	0.000e+00
2123.26	0.000e+00
2123.74	0.000e+00
2124.23	0.000e+00
2124.71	0.000e+00
2125.19	0.000e+00
2125.67	0.000e+00
2126.15	0.000e+00
2126.64	0.000e+00
2127.12	0.000e+00
2127.60	0.000e+00
2128.08	0.000e+00
2128.56	0.000e+00
2129.05	0.000e+00
2129.53	0.000e+00
2130.01	0.000e+00
2130.49	0.000e+00
2130.97	0.000e+00
2131.46	0.000e+00
2131.94	0.000e+00
2132.42	0.000e+00
2132.90	0.000e+00
2133.38	0.000e+00
2133.87	0.000e+00
2134.35	0.000e+00
2134.83	0.000e+00
2135.31	0.000e+00
2135.79	0.000e+00
2136.28	0.000e+00
2136.76	0.000e+00
2137.24	0.000e+00
2137.72	0.000e+00
2138.20	0.000e+00
2138.69	0.000e+00
2139.17	0.000e+00
2139.65	0.000e+00
2140.13	0.000e+00
2140.61	0.000e+00
2141.09	0.000e+00
2141.58	0.000e+00
2142.06	0.000e+00
2142.54	0.000e+00
2143.02	0.000e+00
2143.50	0.000e+00
2143.99	0.000e+00
2144.47	0.000e+00
2144.95	0.000e+00
2145.43	0.000e+00
2145.91	0.000e+00
2146.40	0.000e+00
2146.88	0.000e+00
2147.36	0.000e+00
2147.84	0.000e+00
2148.32	0.000e+00
2148.81	0.000e+00
2149.29	0.000e+00
2149.77	0.000e+00
2150.25	0.000e+00
2150.73	0.000e+00
2151.22	0.000e+00
2151.70	0.000e+00
2152.18	0.000e+00
2152.66	0.000e+00
2153.14	0.000e+00
2153.63	0.000e+00
2154.11	0.000e+00
2154.59	0.000e+00
2155.07	0.000e+00
2155.55	0.000e+00
2156.04	0.000e+00
2156.52	0.000e+00
2157.00	0.000e+00
2157.48	0.000e+00
2157.96	0.000e+00
2158.45	0.000e+00
2158.93	0.000e+00
2159.41	0.000e+00
2159.89	0.000e+00
2160.37	0.000e+00
2160.86	0.000e+00
2161.34	0.000e+00
2161.82	0.000e+00
2162.30	0.000e+00
2162.78	0.000e+00
2163.27	0.000e+00
2163.75	0.000e+00
2164.23	0.000e+00
2164.71	0.000e+00
2165.19	0.000e+00
2165.68	0.000e+00
2166.16	0.000e+00
2166.64	0.000e+00
2167.12	0.000e+00
2167.60	0.000e+00
2168.08	0.000e+00
2168.57	0.000e+00
2169.05	0.000e+00
2169.53	0.000e+00
2170.01	0.000e+00
2170.49	0.000e+00
2170.98	0.000e+00
2171.46	0.000e+00
2171.94	0.000e+00
2172.42	0.000e+00
2172.90	0.000e+00
2173.39	0.000e+00
2173.87	0.000e+00
2174.35	0.000e+00
2174.83	0.000e+00
2175.31	0.000e+00
2175.80	0.000e+00
2176.28	0.000e+00
2176.76	0.000e+00
2177.24	0.000e+00
2177.72	0.000e+00
2178.21	0.000e+00
2178.69	0.000e+00
2179.17	0.000e+00
2179.65	0.000e+00
2180.13	0.000e+00
2180.62	0.000e+00
2181.10	0.000e+00
2181.58	0.000e+00
2182.06	0.000e+00
2182.54	0.000e+00
2183.03	0.000e+00
2183.51	0.000e+00
2183.99	0.000e+00
2184.47	0.000e+00
2184.95	0.000e+00
2185.44	0.000e+00
2185.92	0.000e+00
2186.40	0.000e+00
2186.88	0.000e+00
2187.36	0.000e+00
2187.85	0.000e+00
2188.33	0.000e+00
2188.81	0.000e+00
2189.29	0.000e+00
2189.77	0.000e+00
2190.26	0.000e+00
2190.74	0.000e+00
2191.22	0.000e+00
2191.70	0.000e+00
2192.18	0.000e+00
2192.67	0.000e+00
2193.15	0.000e+00
2193.63	0.000e+00
2194.11	0.000e+00
2194.59	0.000e+00
2195.08	0.000e+00
2195.56	0.000e+00
2196.04	0.000e+00
2196.52	0.000e+00
2197.00	0.000e+00
2197.48	0.000e+00
2197.97	0.000e+00
2198.45	0.000e+00
2198.93	0.000e+00
2199.41	0.000e+00
2199.89	0.000e+00
2200.38	0.000e+00
2200.86	0.000e+00
2201.34	0.000e+00
2201.82	0.000e+00
2202.30	0.000e+00
2202.79	6.571e-17
2203.27	2.109e-16
2203.75	3.028e-16
2204.23	6.412e-17
2204.71	4.789e-16
2205.20	9.776e-16
2205.68	4.404e-16
2206.16	2.425e-16
2206.64	9.115e-16
2207.12	7.745e-16
2207.61	7.876e-16
2208.09	1.719e-15
2208.57	1.180e-15
2209.05	8.313e-16
2209.53	1.351e-15
2210.02	1.764e-15
2210.50	2.079e-15
2210.98	2.139e-15
2211.46	1.169e-15
2211.94	6.164e-16
2212.43	8.549e-16
2212.91	7.996e-17
2213.39	0.000e+00
2213.87	0.000e+00
2214.35	0.000e+00
2214.84	0.000e+00
2215.32	9.083e-16
2215.80	7.003e-16
2216.28	6.891e-17
2216.76	1.219e-15
2217.25	2.135e-15
2217.73	2.092e-15
2218.21	2.048e-15
2218.69	3.049e-15
2219.17	3.643e-15
2219.66	2.833e-15
2220.14	2.141e-15
2220.62	2.528e-15
2221.10	2.867e-15
2221.58	2.131e-15
2222.07	1.881e-15
2222.55	2.120e-15
2223.03	1.915e-15
2223.51	1.346e-15
2223.99	8.963e-16
2224.47	6.372e-16
2224.96	0.000e+00
2225.44	0.000e+00
2225.92	0.000e+00
2226.40	0.000e+00
2226.88	0.000e+00
2227.37	0.000e+00
2227.85	0.000e+00
2228.33	0.000e+00
2228.81	0.000e+00
2229.29	0.000e+00
2229.78	0.000e+00
2230.26	0.000e+00
2230.74	0.000e+00
2231.22	0.000e+00
2231.70	0.000e+00
2232.19	0.000e+00
2232.67	0.000e+00
2233.15	0.000e+00
2233.63	0.000e+00
2234.11	0.000e+00
2234.60	0.000e+00
2235.08	0.000e+00
2235.56	0.000e+00
2236.04	0.000e+00
2236.52	0.000e+00
2237.01	0.000e+00
2237.49	0.000e+00
2237.97	0.000e+00
2238.45	0.000e+00
2238.93	0.000e+00
2239.42	0.000e+00
2239.90	0.000e+00
2240.38	9.753e-17
2240.86	3.924e-16
2241.34	6.154e-16
2241.83	9.899e-16
2242.31	9.351e-16
2242.79	3.764e-16
2243.27	4.897e-16
2243.75	8.924e-16
2244.24	9.754e-16
2244.72	6.790e-16
2245.20	9.782e-16
2245.68	7.128e-16
2246.16	7.817e-16
2246.65	1.358e-15
2247.13	1.096e-15
2247.61	1.019e-15
2248.09	9.957e-16
2248.57	1.068e-15
2249.06	1.314e-15
2249.54	5.316e-16
2250.02	1.231e-15
2250.50	2.288e-15
2250.98	2.296e-15
2251.47	2.203e-15
2251.95	2.639e-15
2252.43	2.579e-15
2252.91	2.366e-15
2253.39	2.879e-15
2253.87	2.302e-15
2254.36	1.838e-15
2254.84	1.658e-15
2255.32	1.286e-15
2255.80	1.384e-15
2256.28	2.099e-15
2256.77	2.506e-15
2257.25	2.034e-15
2257.73	1.055e-15
2258.21	1.574e-15
2258.69	2.267e-15
2259.18	2.133e-15
2259.66	1.788e-15
2260.14	1.344e-15
2260.62	1.879e-15
2261.10	2.596e-15
2261.59	2.300e-15
2262.07	1.846e-15
2262.55	1.990e-15
2263.03	2.128e-15
2263.51	2.299e-15
2264.00	1.745e-15
2264.48	1.574e-15
2264.96	1.263e-15
2265.44	1.200e-15
2265.92	1.520e-15
2266.41	2.049e-15
2266.89	2.198e-15
2267.37	2.057e-15
2267.85	2.096e-15
2268.33	1.852e-15
2268.82	2.266e-15
2269.30	2.195e-15
2269.78	1.790e-15
2270.26	2.290e-15
2270.74	2.348e-15
2271.23	1.787e-15
2271.71	1.872e-15
2272.19	1.416e-15
2272.67	1.276e-15
2273.15	2.125e-15
2273.64	3.561e-15
2274.12	3.908e-15
2274.60	4.356e-15
2275.08	4.915e-15
2275.56	3.909e-15
2276.05	4.148e-15
2276.53	4.023e-15
2277.01	3.867e-15
2277.49	4.565e-15
2277.97	3.867e-15
2278.46	3.545e-15
2278.94	3.839e-15
2279.42	3.367e-15
2279.90	2.772e-15
2280.38	2.938e-15
2280.86	2.456e-15
2281.35	1.955e-15
2281.83	2.218e-15
2282.31	1.920e-15
2282.79	2.145e-15
2283.27	2.232e-15
2283.76	2.247e-15
2284.24	2.669e-15
2284.72	2.703e-15
2285.20	2.827e-15
2285.68	2.534e-15
2286.17	3.196e-15
2286.65	3.231e-15
2287.13	2.511e-15
2287.61	2.425e-15
2288.09	2.297e-15
2288.58	2.557e-15
2289.06	2.428e-15
2289.54	1.452e-15
2290.02	1.245e-15
2290.50	2.176e-15
2290.99	2.245e-15
2291.47	2.524e-15
2291.95	2.939e-15
2292.43	3.035e-15
2292.91	3.512e-15
2293.40	3.413e-15
2293.88	4.124e-15
2294.36	5.036e-15
2294.84	4.662e-15
2295.32	4.443e-15
2295.81	4.309e-15
2296.29	4.246e-15
2296.77	4.737e-15
2297.25	5.743e-15
2297.73	5.126e-15
2298.22	4.912e-15
2298.70	5.060e-15
2299.18	4.782e-15
2299.66	5.201e-15
2300.14	4.786e-15
2300.63	4.745e-15
2301.11	5.239e-15
2301.59	4.355e-15
2302.07	4.676e-15
2302.55	5.423e-15
2303.04	5.373e-15
2303.52	4.575e-15
2304.00	4.782e-15
2304.48	4.753e-15
2304.96	3.896e-15
2305.45	3.943e-15
2305.93	4.821e-15
2306.41	4.783e-15
2306.89	4.667e-15
2307.37	4.711e-15
2307.86	4.545e-15
2308.34	4.622e-15
2308.82	4.963e-15
2309.30	4.403e-15
2309.78	4.052e-15
2310.26	3.673e-15
2310.75	3.940e-15
2311.23	4.646e-15
2311.71	4.745e-15
2312.19	5.078e-15
2312.67	5.308e-15
2313.16	6.160e-15
2313.64	6.132e-15
2314.12	5.517e-15
2314.60	4.975e-15
2315.08	4.397e-15
2315.57	4.916e-15
2316.05	4.937e-15
2316.53	5.186e-15
2317.01	5.362e-15
2317.49	5.462e-15
2317.98	6.713e-15
2318.46	6.353e-15
2318.94	5.540e-15
2319.42	5.589e-15
2319.90	5.839e-15
2320.39	5.027e-15
2320.87	5.098e-15
2321.35	5.359e-15
2321.83	5.282e-15
2322.31	4.854e-15
2322.80	4.836e-15
2323.28	5.103e-15
2323.76	5.302e-15
2324.24	5.120e-15
2324.72	5.363e-15
2325.21	4.895e-15
2325.69	4.735e-15
2326.17	5.011e-15
2326.65	6.039e-15
2327.13	4.958e-15
2327.62	4.548e-15
2328.10	5.083e-15
2328.58	5.251e-15
2329.06	5.601e-15
2329.54	5.412e-15
2330.03	4.762e-15
2330.51	4.417e-15
2330.99	4.805e-15
2331.47	5.164e-15
2331.95	6.308e-15
2332.44	6.509e-15
2332.92	5.640e-15
2333.40	5.667e-15
2333.88	5.862e-15
2334.36	5.381e-15
2334.85	5.762e-15
2335.33	5.516e-15
2335.81	5.138e-15
2336.29	5.311e-15
2336.77	5.558e-15
2337.25	5.284e-15
2337.74	4.827e-15
2338.22	4.765e-15
2338.70	4.865e-15
2339.18	4.980e-15
2339.66	5.166e-15
2340.15	4.402e-15
2340.63	3.988e-15
2341.11	4.603e-15
2341.59	5.371e-15
2342.07	5.311e-15
2342.56	4.945e-15
2343.04	5.122e-15
2343.52	5.228e-15
2344.00	4.484e-15
2344.48	4.469e-15
2344.97	4.645e-15
2345.45	4.645e-15
2345.93	4.634e-15
2346.41	3.886e-15
2346.89	3.651e-15
2347.38	3.748e-15
2347.86	3.212e-15
2348.34	3.539e-15
2348.82	4.395e-15
2349.30	5.091e-15
2349.79	5.029e-15
2350.27	4.645e-15
2350.75	4.307e-15
2351.23	4.520e-15
2351.71	4.790e-15
2352.20	3.948e-15
2352.68	4.151e-15
2353.16	4.077e-15
2353.64	3.649e-15
2354.12	4.086e-15
2354.61	3.740e-15
2355.09	4.155e-15
2355.57	4.093e-15
2356.05	4.829e-15
2356.53	5.092e-15
2357.02	4.457e-15
2357.50	4.418e-15
2357.98	4.605e-15
2358.46	4.890e-15
2358.94	4.515e-15
2359.43	3.438e-15
2359.91	3.837e-15
2360.39	4.435e-15
2360.87	4.512e-15
2361.35	3.423e-15
2361.84	2.724e-15
2362.32	2.926e-15
2362.80	3.177e-15
2363.28	4.013e-15
2363.76	4.583e-15
2364.24	5.054e-15
2364.73	5.110e-15
2365.21	4.836e-15
2365.69	5.041e-15
2366.17	4.536e-15
2366.65	4.562e-15
2367.14	4.352e-15
2367.62	3.789e-15
2368.10	3.619e-15
2368.58	3.424e-15
2369.06	3.305e-15
2369.55	3.725e-15
2370.03	4.028e-15
2370.51	4.119e-15
2370.99	4.128e-15
2371.47	3.745e-15
2371.96	3.776e-15
2372.44	4.469e-15
2372.92	4.596e-15
2373.40	4.501e-15
2373.88	4.456e-15
2374.37	4.560e-15
2374.85	4.169e-15
2375.33	3.772e-15
2375.81	3.503e-15
2376.29	3.270e-15
2376.78	3.507e-15
2377.26	3.925e-15
2377.74	4.473e-15
2378.22	5.251e-15
2378.70	5.336e-15
2379.19	5.307e-15
2379.67	5.381e-15
2380.15	5.516e-15
2380.63	5.637e-15
2381.11	5.407e-15
2381.60	5.009e-15
2382.08	5.344e-15
2382.56	5.368e-15
2383.04	4.361e-15
2383.52	4.337e-15
2384.01	4.698e-15
2384.49	4.538e-15
2384.97	4.020e-15
2385.45	4.401e-15
2385.93	5.108e-15
2386.42	4.486e-15
2386.90	4.435e-15
2387.38	4.281e-15
2387.86	4.271e-15
2388.34	4.346e-15
2388.83	4.125e-15
2389.31	4.356e-15
2389.79	4.392e-15
2390.27	5.134e-15
2390.75	5.404e-15
2391.24	5.077e-15
2391.72	4.867e-15
2392.20	5.270e-15
2392.68	4.969e-15
2393.16	4.786e-15
2393.64	5.555e-15
2394.13	5.261e-15
2394.61	5.005e-15
2395.09	4.723e-15
2395.57	4.189e-15
2396.05	3.940e-15
2396.54	4.254e-15
2397.02	4.052e-15
2397.50	4.492e-15
2397.98	4.516e-15
2398.46	4.182e-15
2398.95	3.890e-15
2399.43	3.880e-15
2399.91	4.187e-15
2400.39	5.100e-15
2400.87	5.295e-15
2401.36	5.073e-15
2401.84	5.627e-15
2402.32	4.795e-15
2402.80	4.117e-15
2403.28	4.448e-15
2403.77	4.693e-15
2404.25	4.907e-15
2404.73	5.552e-15
2405.21	5.205e-15
2405.69	4.404e-15
2406.18	4.793e-15
2406.66	4.450e-15
2407.14	3.614e-15
2407.62	3.452e-15
2408.10	3.145e-15
2408.59	2.969e-15
2409.07	3.031e-15
2409.55	2.781e-15
2410.03	3.003e-15
2410.51	2.932e-15
2411.00	3.423e-15
2411.48	3.224e-15
2411.96	2.994e-15
2412.44	3.123e-15
2412.92	2.906e-15
2413.41	2.984e-15
2413.89	3.172e-15
2414.37	3.169e-15
2414.85	3.345e-15
2415.33	2.677e-15
2415.82	3.026e-15
2416.30	3.559e-15
2416.78	3.092e-15
2417.26	2.875e-15
2417.74	3.038e-15
2418.23	2.936e-15
2418.71	3.351e-15
2419.19	3.395e-15
2419.67	2.985e-15
2420.15	3.095e-15
2420.63	3.158e-15
2421.12	2.565e-15
2421.60	2.900e-15
2422.08	3.136e-15
2422.56	2.869e-15
2423.04	3.510e-15
2423.53	3.395e-15
2424.01	2.917e-15
2424.49	2.747e-15
2424.97	2.959e-15
2425.45	3.211e-15
2425.94	3.579e-15
2426.42	3.322e-15
2426.90	3.286e-15
2427.38	3.204e-15
2427.86	2.707e-15
2428.35	2.637e-15
2428.83	3.690e-15
2429.31	3.908e-15
2429.79	3.788e-15
2430.27	3.934e-15
2430.76	3.362e-15
2431.24	3.230e-15
2431.72	3.705e-15
2432.20	4.218e-15
2432.68	3.909e-15
2433.17	3.359e-15
2433.65	4.134e-15
2434.13	4.481e-15
2434.61	3.727e-15
2435.09	3.886e-15
2435.58	4.327e-15
2436.06	4.055e-15
2436.54	4.208e-15
2437.02	4.690e-15
2437.50	4.324e-15
2437.99	4.604e-15
2438.47	4.205e-15
2438.95	3.872e-15
2439.43	4.592e-15
2439.91	4.521e-15
2440.40	4.768e-15
2440.88	5.611e-15
2441.36	5.815e-15
2441.84	5.588e-15
2442.32	5.357e-15
2442.81	4.352e-15
2443.29	3.691e-15
2443.77	4.144e-15
2444.25	4.060e-15
2444.73	3.989e-15
2445.22	4.521e-15
2445.70	5.431e-15
2446.18	4.859e-15
2446.66	4.476e-15
2447.14	4.847e-15
2447.63	4.507e-15
2448.11	5.308e-15
2448.59	5.871e-15
2449.07	5.396e-15
2449.55	4.536e-15
2450.03	3.847e-15
2450.52	3.891e-15
2451.00	3.649e-15
2451.48	3.435e-15
2451.96	4.124e-15
2452.44	4.822e-15
2452.93	4.248e-15
2453.41	4.287e-15
2453.89	4.925e-15
2454.37	5.345e-15
2454.85	5.576e-15
2455.34	5.144e-15
2455.82	5.018e-15
2456.30	4.959e-15
2456.78	5.431e-15
2457.26	6.057e-15
2457.75	6.408e-15
2458.23	6.968e-15
2458.71	6.323e-15
2459.19	5.722e-15
2459.67	5.240e-15
2460.16	5.811e-15
2460.64	5.792e-15
2461.12	5.584e-15
2461.60	6.010e-15
2462.08	6.586e-15
2462.57	6.238e-15
2463.05	5.803e-15
2463.53	5.700e-15
2464.01	5.762e-15
2464.49	5.980e-15
2464.98	5.687e-15
2465.46	5.691e-15
2465.94	5.659e-15
2466.42	5.456e-15
2466.90	6.486e-15
2467.39	6.731e-15
2467.87	5.965e-15
2468.35	5.614e-15
2468.83	6.139e-15
2469.31	7.230e-15
2469.80	7.621e-15
2470.28	6.906e-15
2470.76	6.577e-15
2471.24	6.572e-15
2471.72	6.922e-15
2472.21	6.844e-15
2472.69	6.621e-15
2473.17	6.894e-15
2473.65	6.904e-15
2474.13	6.252e-15
2474.62	6.039e-15
2475.10	5.995e-15
2475.58	5.849e-15
2476.06	5.743e-15
2476.54	6.103e-15
2477.02	6.338e-15
2477.51	6.641e-15
2477.99	6.534e-15
2478.47	6.874e-15
2478.95	5.880e-15
2479.43	5.734e-15
2479.92	6.031e-15
2480.40	5.018e-15
2480.88	5.715e-15
2481.36	7.157e-15
2481.84	6.654e-15
2482.33	6.228e-15
2482.81	6.698e-15
2483.29	6.350e-15
2483.77	5.403e-15
2484.25	5.724e-15
2484.74	6.216e-15
2485.22	6.199e-15
2485.70	6.198e-15
2486.18	6.975e-15
2486.66	7.071e-15
2487.15	6.389e-15
2487.63	6.733e-15
2488.11	7.039e-15
2488.59	7.481e-15
2489.07	7.120e-15
2489.56	7.267e-15
2490.04	7.952e-15
2490.52	7.916e-15
2491.00	7.803e-15
2491.48	7.910e-15
2491.97	7.810e-15
2492.45	7.418e-15
2492.93	7.187e-15
2493.41	6.913e-15
2493.89	7.130e-15
2494.38	7.374e-15
2494.86	6.853e-15
2495.34	6.912e-15
2495.82	6.833e-15
2496.30	6.571e-15
2496.79	5.959e-15
2497.27	6.141e-15
2497.75	6.112e-15
2498.23	6.461e-15
2498.71	6.916e-15
2499.20	7.291e-15
2499.68	7.483e-15
2500.16	7.198e-15
2500.64	6.803e-15
2501.12	6.381e-15
2501.61	6.334e-15
2502.09	6.481e-15
2502.57	6.312e-15
2503.05	6.258e-15
2503.53	6.431e-15
2504.02	7.316e-15
2504.50	8.118e-15
2504.98	8.263e-15
2505.46	7.836e-15
2505.94	7.312e-15
2506.42	7.293e-15
2506.91	7.063e-15
2507.39	7.130e-15
2507.87	6.841e-15
2508.35	6.444e-15
2508.83	6.298e-15
2509.32	6.719e-15
2509.80	6.806e-15
2510.28	6.344e-15
2510.76	5.974e-15
2511.24	5.687e-15
2511.73	5.863e-15
2512.21	6.380e-15
2512.69	5.872e-15
2513.17	5.204e-15
2513.65	5.595e-15
2514.14	5.501e-15
2514.62	5.424e-15
2515.10	5.467e-15
2515.58	6.336e-15
2516.06	6.906e-15
2516.55	5.903e-15
2517.03	5.903e-15
2517.51	6.741e-15
2517.99	6.359e-15
2518.47	6.080e-15
2518.96	6.417e-15
2519.44	6.870e-15
2519.92	7.033e-15
2520.40	6.624e-15
2520.88	6.538e-15
2521.37	6.780e-15
2521.85	6.735e-15
2522.33	6.748e-15
2522.81	6.538e-15
2523.29	6.894e-15
2523.78	7.251e-15
2524.26	7.199e-15
2524.74	6.963e-15
2525.22	6.471e-15
2525.70	6.622e-15
2526.19	6.622e-15
2526.67	6.893e-15
2527.15	7.570e-15
2527.63	7.068e-15
2528.11	6.577e-15
2528.60	6.721e-15
2529.08	6.257e-15
2529.56	5.762e-15
2530.04	6.069e-15
2530.52	5.623e-15
2531.01	5.213e-15
2531.49	5.281e-15
2531.97	5.130e-15
2532.45	5.013e-15
2532.93	5.456e-15
2533.41	6.175e-15
2533.90	6.268e-15
2534.38	6.086e-15
2534.86	6.605e-15
2535.34	7.339e-15
2535.82	7.081e-15
2536.31	7.239e-15
2536.79	7.640e-15
2537.27	7.718e-15
2537.75	7.571e-15
2538.23	7.957e-15
2538.72	7.626e-15
2539.20	7.629e-15
2539.68	8.539e-15
2540.16	7.696e-15
2540.64	7.317e-15
2541.13	6.575e-15
2541.61	6.289e-15
2542.09	6.568e-15
2542.57	6.782e-15
2543.05	6.654e-15
2543.54	6.516e-15
2544.02	6.482e-15
2544.50	6.351e-15
2544.98	6.207e-15
2545.46	6.460e-15
2545.95	6.371e-15
2546.43	5.863e-15
2546.91	6.249e-15
2547.39	5.929e-15
2547.87	5.391e-15
2548.36	5.525e-15
2548.84	5.613e-15
2549.32	5.159e-15
2549.80	5.001e-15
2550.28	5.077e-15
2550.77	5.092e-15
2551.25	4.928e-15
2551.73	4.089e-15
2552.21	3.756e-15
2552.69	3.960e-15
2553.18	4.233e-15
2553.66	4.251e-15
2554.14	4.290e-15
2554.62	4.658e-15
2555.10	4.696e-15
2555.59	5.023e-15
2556.07	5.910e-15
2556.55	6.284e-15
2557.03	6.014e-15
2557.51	5.765e-15
2558.00	5.396e-15
2558.48	5.506e-15
2558.96	5.825e-15
2559.44	6.291e-15
2559.92	6.330e-15
2560.40	6.075e-15
2560.89	5.910e-15
2561.37	5.394e-15
2561.85	5.168e-15
2562.33	5.504e-15
2562.81	6.193e-15
2563.30	6.263e-15
2563.78	6.186e-15
2564.26	6.481e-15
2564.74	6.268e-15
2565.22	5.854e-15
2565.71	6.065e-15
2566.19	5.576e-15
2566.67	4.957e-15
2567.15	5.363e-15
2567.63	5.721e-15
2568.12	5.489e-15
2568.60	5.172e-15
2569.08	4.850e-15
2569.56	4.857e-15
2570.04	4.797e-15
2570.53	4.237e-15
2571.01	4.290e-15
2571.49	4.288e-15
2571.97	4.226e-15
2572.45	5.154e-15
2572.94	5.318e-15
2573.42	4.333e-15
2573.90	3.692e-15
2574.38	3.841e-15
2574.86	4.200e-15
2575.35	4.811e-15
2575.83	4.923e-15
2576.31	5.450e-15
2576.79	5.516e-15
2577.27	5.595e-15
2577.76	5.972e-15
2578.24	5.131e-15
2578.72	5.008e-15
2579.20	5.834e-15
2579.68	5.188e-15
2580.17	4.569e-15
2580.65	5.210e-15
2581.13	5.838e-15
2581.61	5.886e-15
2582.09	5.705e-15
2582.58	5.072e-15
2583.06	4.712e-15
2583.54	5.287e-15
2584.02	5.312e-15
2584.50	4.889e-15
2584.99	5.156e-15
2585.47	5.318e-15
2585.95	5.039e-15
2586.43	5.022e-15
2586.91	5.782e-15
2587.40	5.517e-15
2587.88	4.939e-15
2588.36	5.289e-15
2588.84	4.949e-15
2589.32	5.072e-15
2589.80	5.335e-15
2590.29	5.044e-15
2590.77	4.817e-15
2591.25	5.017e-15
2591.73	5.238e-15
2592.21	4.928e-15
2592.70	4.671e-15
2593.18	5.241e-15
2593.66	5.463e-15
2594.14	4.845e-15
2594.62	4.346e-15
2595.11	4.082e-15
2595.59	4.186e-15
2596.07	4.239e-15
2596.55	4.222e-15
2597.03	4.387e-15
2597.52	4.257e-15
2598.00	4.439e-15
2598.48	4.752e-15
2598.96	4.735e-15
2599.44	4.873e-15
2599.93	4.158e-15
2600.41	4.016e-15
2600.89	4.024e-15
2601.37	3.266e-15
2601.85	2.720e-15
2602.34	3.171e-15
2602.82	4.149e-15
2603.30	4.680e-15
2603.78	5.147e-15
2604.26	5.674e-15
2604.75	5.861e-15
2605.23	5.871e-15
2605.71	5.780e-15
2606.19	5.912e-15
2606.67	6.206e-15
2607.16	6.476e-15
2607.64	6.737e-15
2608.12	6.791e-15
2608.60	6.637e-15
2609.08	6.853e-15
2609.57	6.597e-15
2610.05	5.790e-15
2610.53	5.625e-15
2611.01	5.985e-15
2611.49	5.851e-15
2611.98	5.772e-15
2612.46	5.622e-15
2612.94	5.416e-15
2613.42	4.938e-15
2613.90	4.654e-15
2614.39	4.437e-15
2614.87	4.795e-15
2615.35	4.884e-15
2615.83	4.671e-15
2616.31	5.240e-15
2616.79	5.472e-15
2617.28	5.039e-15
2617.76	4.913e-15
2618.24	5.101e-15
2618.72	5.333e-15
2619.20	5.855e-15
2619.69	6.480e-15
2620.17	6.437e-15
2620.65	6.629e-15
2621.13	6.498e-15
2621.61	5.886e-15
2622.10	5.492e-15
2622.58	5.514e-15
2623.06	5.929e-15
2623.54	6.790e-15
2624.02	7.340e-15
2624.51	6.993e-15
2624.99	7.259e-15
2625.47	7.176e-15
2625.95	6.397e-15
2626.43	6.341e-15
2626.92	6.771e-15
2627.40	6.623e-15
2627.88	6.406e-15
2628.36	6.639e-15
2628.84	6.442e-15
2629.33	6.297e-15
2629.81	6.088e-15
2630.29	5.118e-15
2630.77	4.333e-15
2631.25	4.094e-15
2631.74	3.937e-15
2632.22	3.712e-15
2632.70	3.550e-15
2633.18	3.505e-15
2633.66	3.623e-15
2634.15	3.560e-15
2634.63	3.158e-15
2635.11	3.056e-15
2635.59	3.602e-15
2636.07	3.817e-15
2636.56	2.970e-15
2637.04	2.405e-15
2637.52	2.954e-15
2638.00	3.433e-15
2638.48	3.516e-15
2638.97	3.120e-15
2639.45	3.058e-15
2639.93	3.123e-15
2640.41	3.175e-15
2640.89	3.160e-15
2641.38	3.051e-15
2641.86	2.790e-15
2642.34	2.847e-15
2642.82	3.259e-15
2643.30	3.045e-15
2643.79	2.716e-15
2644.27	2.085e-15
2644.75	9.911e-16
2645.23	1.372e-15
2645.71	2.075e-15
2646.19	2.125e-15
2646.68	2.240e-15
2647.16	2.221e-15
2647.64	2.906e-15
2648.12	2.532e-15
2648.60	2.497e-15
2649.09	2.600e-15
2649.57	2.144e-15
2650.05	2.246e-15
2650.53	2.166e-15
2651.01	2.212e-15
2651.50	1.929e-15
2651.98	1.862e-15
2652.46	1.855e-15
2652.94	1.737e-15
2653.42	1.413e-15
2653.91	1.381e-15
2654.39	1.811e-15
2654.87	1.386e-15
2655.35	8.912e-16
2655.83	1.154e-15
2656.32	1.420e-15
2656.80	1.342e-15
2657.28	1.972e-15
2657.76	2.687e-15
2658.24	2.929e-15
2658.73	3.115e-15
2659.21	3.066e-15
2659.69	2.483e-15
2660.17	2.235e-15
2660.65	1.918e-15
2661.14	1.985e-15
2661.62	2.231e-15
2662.10	2.050e-15
2662.58	2.314e-15
2663.06	3.032e-15
2663.55	3.405e-15
2664.03	2.890e-15
2664.51	2.476e-15
2664.99	2.351e-15
2665.47	2.082e-15
2665.96	2.145e-15
2666.44	2.259e-15
2666.92	2.443e-15
2667.40	2.655e-15
2667.88	2.643e-15
2668.37	2.411e-15
2668.85	2.347e-15
2669.33	2.453e-15
2669.81	2.481e-15
2670.29	2.187e-15
2670.78	2.381e-15
2671.26	3.013e-15
2671.74	2.954e-15
2672.22	2.329e-15
2672.70	2.080e-15
2673.18	2.245e-15
2673.67	2.586e-15
2674.15	2.500e-15
2674.63	2.336e-15
2675.11	2.778e-15
2675.59	2.988e-15
2676.08	2.814e-15
2676.56	2.731e-15
2677.04	2.278e-15
2677.52	2.379e-15
2678.00	3.609e-15
2678.49	3.750e-15
2678.97	2.861e-15
2679.45	2.383e-15
2679.93	2.669e-15
2680.41	2.731e-15
2680.90	2.792e-15
2681.38	3.007e-15
2681.86	3.438e-15
2682.34	3.716e-15
2682.82	3.738e-15
2683.31	3.983e-15
2683.79	4.030e-15
2684.27	4.086e-15
2684.75	3.849e-15
2685.23	3.463e-15
2685.72	3.582e-15
2686.20	3.503e-15
2686.68	3.361e-15
2687.16	3.915e-15
2687.64	4.474e-15
2688.13	4.151e-15
2688.61	3.954e-15
2689.09	4.276e-15
2689.57	4.326e-15
2690.05	4.488e-15
2690.54	5.039e-15
2691.02	4.874e-15
2691.50	4.715e-15
2691.98	5.169e-15
2692.46	5.615e-15
2692.95	5.385e-15
2693.43	5.290e-15
2693.91	4.873e-15
2694.39	4.550e-15
2694.87	3.817e-15
2695.36	3.583e-15
2695.84	3.536e-15
2696.32	3.507e-15
2696.80	3.536e-15
2697.28	3.577e-15
2697.77	3.125e-15
2698.25	2.700e-15
2698.73	2.868e-15
2699.21	3.104e-15
2699.69	2.556e-15
2700.18	2.330e-15
2700.66	2.918e-15
2701.14	3.378e-15
2701.62	3.319e-15
2702.10	3.459e-15
2702.58	3.988e-15
2703.07	4.030e-15
2703.55	3.467e-15
2704.03	3.973e-15
2704.51	4.544e-15
2704.99	4.274e-15
2705.48	4.904e-15
2705.96	5.231e-15
2706.44	5.053e-15
2706.92	5.353e-15
2707.40	5.720e-15
2707.89	5.459e-15
2708.37	5.229e-15
2708.85	5.694e-15
2709.33	6.516e-15
2709.81	6.324e-15
2710.30	6.394e-15
2710.78	6.036e-15
2711.26	5.625e-15
2711.74	5.489e-15
2712.22	5.851e-15
2712.71	6.430e-15
2713.19	6.378e-15
2713.67	5.743e-15
2714.15	5.745e-15
2714.63	5.780e-15
2715.12	5.402e-15
2715.60	5.614e-15
2716.08	6.240e-15
2716.56	6.244e-15
2717.04	6.149e-15
2717.53	6.433e-15
2718.01	6.137e-15
2718.49	5.444e-15
2718.97	5.859e-15
2719.45	6.187e-15
2719.94	5.876e-15
2720.42	6.115e-15
2720.90	6.012e-15
2721.38	5.566e-15
2721.86	5.179e-15
2722.35	5.473e-15
2722.83	6.354e-15
2723.31	6.308e-15
2723.79	6.295e-15
2724.27	6.243e-15
2724.76	5.712e-15
2725.24	6.193e-15
2725.72	6.462e-15
2726.20	6.395e-15
2726.68	6.411e-15
2727.17	6.389e-15
2727.65	6.361e-15
2728.13	5.806e-15
2728.61	5.784e-15
2729.09	5.876e-15
2729.57	5.533e-15
2730.06	5.875e-15
2730.54	6.098e-15
2731.02	6.116e-15
2731.50	5.908e-15
2731.98	6.062e-15
2732.47	5.976e-15
2732.95	5.986e-15
2733.43	5.808e-15
2733.91	5.433e-15
2734.39	5.807e-15
2734.88	5.422e-15
2735.36	4.999e-15
2735.84	4.972e-15
2736.32	4.719e-15
2736.80	4.923e-15
2737.29	5.757e-15
2737.77	6.984e-15
2738.25	7.481e-15
2738.73	7.339e-15
2739.21	7.163e-15
2739.70	7.078e-15
2740.18	6.674e-15
2740.66	6.147e-15
2741.14	6.872e-15
2741.62	7.432e-15
2742.11	7.390e-15
2742.59	7.294e-15
2743.07	6.870e-15
2743.55	7.183e-15
2744.03	7.189e-15
2744.52	6.916e-15
2745.00	6.675e-15
2745.48	6.584e-15
2745.96	6.476e-15
2746.44	6.537e-15
2746.93	6.881e-15
2747.41	7.484e-15
2747.89	7.290e-15
2748.37	6.866e-15
2748.85	6.550e-15
2749.34	6.309e-15
2749.82	6.174e-15
2750.30	6.935e-15
2750.78	6.920e-15
2751.26	6.175e-15
2751.75	6.218e-15
2752.23	6.324e-15
2752.71	6.470e-15
2753.19	6.480e-15
2753.67	6.653e-15
2754.16	6.468e-15
2754.64	6.170e-15
2755.12	5.891e-15
2755.60	5.081e-15
2756.08	5.235e-15
2756.56	5.506e-15
2757.05	5.213e-15
2757.53	4.512e-15
2758.01	4.688e-15
2758.49	4.449e-15
2758.97	4.096e-15
2759.46	3.605e-15
2759.94	3.332e-15
2760.42	3.410e-15
2760.90	3.294e-15
2761.38	3.102e-15
2761.87	3.110e-15
2762.35	3.217e-15
2762.83	3.197e-15
2763.31	2.766e-15
2763.79	2.573e-15
2764.28	3.294e-15
2764.76	3.506e-15
2765.24	3.325e-15
2765.72	3.152e-15
2766.20	2.820e-15
2766.69	2.488e-15
2767.17	2.404e-15
2767.65	2.043e-15
2768.13	1.982e-15
2768.61	2.454e-15
2769.10	1.796e-15
2769.58	1.665e-15
2770.06	1.805e-15
2770.54	9.213e-16
2771.02	0.000e+00
2771.51	0.000e+00
2771.99	0.000e+00
2772.47	0.000e+00
2772.95	0.000e+00
2773.43	0.000e+00
2773.92	0.000e+00
2774.40	0.000e+00
2774.88	0.000e+00
2775.36	0.000e+00
2775.84	0.000e+00
2776.33	0.000e+00
2776.81	0.000e+00
2777.29	0.000e+00
2777.77	0.000e+00
2778.25	0.000e+00
2778.74	0.000e+00
2779.22	0.000e+00
2779.70	0.000e+00
2780.18	0.000e+00
2780.66	0.000e+00
2781.15	0.000e+00
2781.63	0.000e+00
2782.11	0.000e+00
2782.59	0.000e+00
2783.07	0.000e+00
2783.56	0.000e+00
2784.04	0.000e+00
2784.52	0.000e+00
2785.00	0.000e+00
2785.48	0.000e+00
2785.96	0.000e+00
2786.45	0.000e+00
2786.93	0.000e+00
2787.41	0.000e+00
2787.89	0.000e+00
2788.37	0.000e+00
2788.86	0.000e+00
2789.34	0.000e+00
2789.82	0.000e+00
2790.30	0.000e+00
2790.78	0.000e+00
2791.27	0.000e+00
2791.75	0.000e+00
2792.23	0.000e+00
2792.71	0.000e+00
2793.19	0.000e+00
2793.68	0.000e+00
2794.16	0.000e+00
2794.64	0.000e+00
2795.12	0.000e+00
2795.60	0.000e+00
2796.09	0.000e+00
2796.57	0.000e+00
2797.05	0.000e+00
2797.53	0.000e+00
2798.01	0.000e+00
2798.50	0.000e+00
2798.98	0.000e+00
2799.46	0.000e+00
2799.94	0.000e+00
2800.42	0.000e+00
2800.91	0.000e+00
2801.39	0.000e+00
2801.87	0.000e+00
2802.35	0.000e+00
2802.83	0.000e+00
2803.32	0.000e+00
2803.80	0.000e+00
2804.28	0.000e+00
2804.76	0.000e+00
2805.24	0.000e+00
2805.73	0.000e+00
2806.21	0.000e+00
2806.69	0.000e+00
2807.17	0.000e+00
2807.65	0.000e+00
2808.14	0.000e+00
2808.62	0.000e+00
2809.10	0.000e+00
2809.58	0.000e+00
2810.06	0.000e+00
2810.55	0.000e+00
2811.03	0.000e+00
2811.51	0.000e+00
2811.99	0.000e+00
2812.47	0.000e+00
2812.95	0.000e+00
2813.44	0.000e+00
2813.92	0.000e+00
2814.40	0.000e+00
2814.88	0.000e+00
2815.36	0.000e+00
2815.85	0.000e+00
2816.33	0.000e+00
2816.81	0.000e+00
2817.29	0.000e+00
2817.77	0.000e+00
2818.26	0.000e+00
2818.74	6.516e-16
2819.22	9.004e-16
2819.70	1.180e-15
2820.18	1.574e-15
2820.67	1.460e-15
2821.15	1.107e-15
2821.63	1.599e-15
2822.11	2.535e-15
2822.59	2.594e-15
2823.08	3.252e-15
2823.56	3.776e-15
2824.04	3.619e-15
2824.52	3.671e-15
2825.00	3.828e-15
2825.49	4.610e-15
2825.97	5.122e-15
2826.45	5.302e-15
2826.93	5.039e-15
2827.41	4.752e-15
2827.90	5.441e-15
2828.38	5.973e-15
2828.86	5.763e-15
2829.34	6.172e-15
2829.82	6.419e-15
2830.31	6.513e-15
2830.79	6.274e-15
2831.27	5.396e-15
2831.75	5.707e-15
2832.23	5.721e-15
2832.72	5.510e-15
2833.20	6.379e-15
2833.68	6.816e-15
2834.16	7.103e-15
2834.64	6.890e-15
2835.13	6.708e-15
2835.61	6.201e-15
2836.09	5.741e-15
2836.57	6.830e-15
2837.05	7.246e-15
2837.54	7.383e-15
2838.02	6.920e-15
2838.50	7.192e-15
2838.98	7.808e-15
2839.46	7.297e-15
2839.95	7.207e-15
2840.43	7.107e-15
2840.91	7.726e-15
2841.39	8.090e-15
2841.87	7.828e-15
2842.35	7.377e-15
2842.84	7.396e-15
2843.32	7.567e-15
2843.80	7.803e-15
2844.28	7.906e-15
2844.76	7.588e-15
2845.25	7.135e-15
2845.73	6.970e-15
2846.21	7.356e-15
2846.69	7.308e-15
2847.17	7.168e-15
2847.66	7.181e-15
2848.14	6.734e-15
2848.62	6.986e-15
2849.10	7.537e-15
2849.58	7.857e-15
2850.07	7.648e-15
2850.55	7.651e-15
2851.03	7.633e-15
2851.51	7.348e-15
2851.99	7.187e-15
2852.48	6.701e-15
2852.96	6.471e-15
2853.44	6.586e-15
2853.92	7.125e-15
2854.40	6.668e-15
2854.89	6.180e-15
2855.37	6.103e-15
2855.85	6.007e-15
2856.33	6.300e-15
2856.81	6.107e-15
2857.30	5.978e-15
2857.78	6.622e-15
2858.26	6.634e-15
2858.74	6.342e-15
2859.22	5.872e-15
2859.71	5.181e-15
2860.19	4.878e-15
2860.67	5.435e-15
2861.15	5.799e-15
2861.63	6.002e-15
2862.12	5.620e-15
2862.60	5.398e-15
2863.08	5.595e-15
2863.56	5.352e-15
2864.04	5.446e-15
2864.53	5.942e-15
2865.01	5.936e-15
2865.49	5.581e-15
2865.97	6.216e-15
2866.45	6.563e-15
2866.94	5.974e-15
2867.42	5.895e-15
2867.90	5.912e-15
2868.38	5.910e-15
2868.86	5.798e-15
2869.34	6.227e-15
2869.83	6.720e-15
2870.31	6.488e-15
2870.79	6.350e-15
2871.27	6.308e-15
2871.75	6.666e-15
2872.24	6.306e-15
2872.72	5.937e-15
2873.20	5.599e-15
2873.68	5.419e-15
2874.16	5.580e-15
2874.65	5.382e-15
2875.13	6.016e-15
2875.61	6.276e-15
2876.09	5.113e-15
2876.57	4.778e-15
2877.06	5.403e-15
2877.54	5.731e-15
2878.02	5.159e-15
2878.50	4.658e-15
2878.98	4.470e-15
2879.47	4.153e-15
2879.95	4.661e-15
2880.43	4.973e-15
2880.91	5.322e-15
2881.39	5.510e-15
2881.88	5.171e-15
2882.36	4.750e-15
2882.84	4.956e-15
2883.32	5.030e-15
2883.80	4.618e-15
2884.29	4.893e-15
2884.77	4.766e-15
2885.25	4.734e-15
2885.73	4.905e-15
2886.21	4.776e-15
2886.70	4.787e-15
2887.18	4.368e-15
2887.66	4.259e-15
2888.14	4.466e-15
2888.62	4.340e-15
2889.11	4.547e-15
2889.59	4.427e-15
2890.07	5.035e-15
2890.55	5.384e-15
2891.03	5.130e-15
2891.52	4.745e-15
2892.00	4.480e-15
2892.48	4.455e-15
2892.96	4.551e-15
2893.44	4.690e-15
2893.93	4.521e-15
2894.41	4.447e-15
2894.89	4.076e-15
2895.37	4.086e-15
2895.85	3.791e-15
2896.34	3.560e-15
2896.82	3.786e-15
2897.30	4.001e-15
2897.78	3.966e-15
2898.26	3.623e-15
2898.74	3.236e-15
2899.23	2.804e-15
2899.71	2.657e-15
2900.19	2.797e-15
2900.67	2.602e-15
2901.15	2.197e-15
2901.64	2.032e-15
2902.12	2.460e-15
2902.60	2.280e-15
2903.08	2.491e-15
2903.56	2.710e-15
2904.05	2.795e-15
2904.53	2.881e-15
2905.01	2.825e-15
2905.49	2.402e-15
2905.97	2.651e-15
2906.46	3.154e-15
2906.94	3.227e-15
2907.42	3.365e-15
2907.90	3.137e-15
2908.38	2.835e-15
2908.87	2.726e-15
2909.35	2.548e-15
2909.83	2.690e-15
2910.31	2.727e-15
2910.79	2.759e-15
2911.28	2.575e-15
2911.76	2.307e-15
2912.24	2.594e-15
2912.72	3.002e-15
2913.20	2.504e-15
2913.69	2.458e-15
2914.17	2.548e-15
2914.65	2.297e-15
2915.13	2.337e-15
2915.61	2.341e-15
2916.10	3.106e-15
2916.58	3.503e-15
2917.06	3.555e-15
2917.54	3.097e-15
2918.02	2.832e-15
2918.51	2.837e-15
2918.99	2.545e-15
2919.47	2.768e-15
2919.95	2.587e-15
2920.43	2.657e-15
2920.92	2.978e-15
2921.40	2.874e-15
2921.88	3.094e-15
2922.36	3.915e-15
2922.84	4.100e-15
2923.33	4.263e-15
2923.81	4.984e-15
2924.29	5.341e-15
2924.77	5.223e-15
2925.25	4.917e-15
2925.73	4.821e-15
2926.22	5.036e-15
2926.70	5.459e-15
2927.18	5.544e-15
2927.66	5.805e-15
2928.14	6.151e-15
2928.63	6.039e-15
2929.11	5.917e-15
2929.59	5.778e-15
2930.07	5.111e-15
2930.55	4.739e-15
2931.04	5.007e-15
2931.52	4.522e-15
2932.00	4.174e-15
2932.48	4.299e-15
2932.96	4.770e-15
2933.45	4.619e-15
2933.93	4.645e-15
2934.41	5.160e-15
2934.89	5.340e-15
2935.37	5.144e-15
2935.86	5.312e-15
2936.34	5.340e-15
2936.82	4.963e-15
2937.30	5.218e-15
2937.78	5.577e-15
2938.27	5.064e-15
2938.75	4.908e-15
2939.23	4.766e-15
2939.71	4.709e-15
2940.19	4.643e-15
2940.68	4.235e-15
2941.16	4.412e-15
2941.64	4.683e-15
2942.12	4.211e-15
2942.60	4.011e-15
2943.09	4.194e-15
2943.57	4.912e-15
2944.05	5.852e-15
2944.53	5.748e-15
2945.01	5.504e-15
2945.50	5.239e-15
2945.98	5.461e-15
2946.46	5.687e-15
2946.94	5.672e-15
2947.42	5.513e-15
2947.91	5.592e-15
2948.39	5.749e-15
2948.87	5.388e-15
2949.35	5.621e-15
2949.83	5.278e-15
2950.32	4.963e-15
2950.80	4.773e-15
2951.28	4.939e-15
2951.76	4.871e-15
2952.24	4.816e-15
2952.72	5.051e-15
2953.21	5.011e-15
2953.69	4.992e-15
2954.17	4.389e-15
2954.65	4.274e-15
2955.13	4.373e-15
2955.62	4.294e-15
2956.10	3.975e-15
2956.58	3.620e-15
2957.06	4.010e-15
2957.54	4.081e-15
2958.03	3.935e-15
2958.51	3.896e-15
2958.99	3.405e-15
2959.47	3.644e-15
2959.95	4.109e-15
2960.44	4.266e-15
2960.92	4.976e-15
2961.40	4.992e-15
2961.88	4.492e-15
2962.36	4.798e-15
2962.85	5.070e-15
2963.33	5.080e-15
2963.81	4.901e-15
2964.29	5.116e-15
2964.77	4.942e-15
2965.26	4.554e-15
2965.74	5.254e-15
2966.22	5.434e-15
2966.70	4.636e-15
2967.18	4.485e-15
2967.67	4.686e-15
2968.15	4.474e-15
2968.63	4.185e-15
2969.11	4.031e-15
2969.59	4.411e-15
2970.08	4.812e-15
2970.56	5.227e-15
2971.04	5.453e-15
2971.52	5.003e-15
2972.00	4.008e-15
2972.49	3.979e-15
2972.97	4.419e-15
2973.45	3.866e-15
2973.93	3.688e-15
2974.41	3.699e-15
2974.90	3.256e-15
2975.38	3.130e-15
2975.86	3.151e-15
2976.34	3.314e-15
2976.82	4.005e-15
2977.31	4.263e-15
2977.79	4.199e-15
2978.27	4.296e-15
2978.75	4.236e-15
2979.23	4.546e-15
2979.72	5.171e-15
2980.20	5.278e-15
2980.68	5.219e-15
2981.16	5.413e-15
2981.64	5.483e-15
2982.12	5.266e-15
2982.61	5.160e-15
2983.09	5.213e-15
2983.57	5.127e-15
2984.05	5.576e-15
2984.53	5.704e-15
2985.02	5.338e-15
2985.50	4.681e-15
2985.98	4.406e-15
2986.46	4.565e-15
2986.94	4.204e-15
2987.43	4.176e-15
2987.91	3.563e-15
2988.39	3.204e-15
2988.87	3.108e-15
2989.35	2.739e-15
2989.84	2.430e-15
2990.32	1.660e-15
2990.80	9.225e-16
2991.28	1.152e-15
2991.76	8.275e-16
2992.25	1.219e-15
2992.73	1.139e-15
2993.21	8.757e-16
2993.69	1.098e-15
2994.17	6.308e-16
2994.66	2.725e-16
2995.14	6.848e-16
2995.62	1.433e-15
2996.10	1.678e-15
2996.58	1.891e-15
2997.07	2.346e-15
2997.55	3.053e-15
2998.03	3.099e-15
2998.51	2.722e-15
2998.99	3.292e-15
2999.48	3.549e-15
2999.96	3.049e-15
3000.44	3.733e-15
3000.92	4.228e-15
3001.40	4.298e-15
3001.89	4.841e-15
3002.37	4.169e-15
3002.85	3.670e-15
3003.33	3.917e-15
3003.81	3.597e-15
3004.30	3.177e-15
3004.78	2.736e-15
3005.26	2.443e-15
3005.74	1.758e-15
3006.22	1.013e-15
3006.71	5.310e-16
3007.19	0.000e+00
3007.67	0.000e+00
3008.15	0.000e+00
3008.63	2.041e-16
3009.11	3.795e-16
3009.60	4.760e-16
3010.08	5.415e-16
3010.56	1.577e-16
3011.04	0.000e+00
3011.52	0.000e+00
3012.01	2.547e-17
3012.49	0.000e+00
3012.97	0.000e+00
3013.45	1.408e-18
3013.93	0.000e+00
3014.42	0.000e+00
3014.90	0.000e+00
3015.38	0.000e+00
3015.86	0.000e+00
3016.34	0.000e+00
3016.83	0.000e+00
3017.31	1.065e-16
3017.79	7.755e-16
3018.27	1.094e-15
3018.75	5.507e-16
3019.24	3.818e-16
3019.72	2.872e-16
3020.20	2.403e-16
3020.68	2.352e-16
3021.16	0.000e+00
3021.65	0.000e+00
3022.13	4.191e-16
3022.61	4.926e-16
3023.09	0.000e+00
3023.57	1.091e-17
3024.06	0.000e+00
3024.54	0.000e+00
3025.02	0.000e+00
3025.50	0.000e+00
3025.98	0.000e+00
3026.47	0.000e+00
3026.95	0.000e+00
3027.43	2.187e-16
3027.91	6.684e-16
3028.39	7.313e-16
3028.88	1.426e-15
3029.36	1.221e-15
3029.84	7.863e-16
3030.32	4.838e-16
3030.80	3.871e-16
3031.29	5.504e-16
3031.77	8.576e-16
3032.25	1.740e-15
3032.73	2.155e-15
3033.21	2.137e-15
3033.70	1.909e-15
3034.18	1.389e-15
3034.66	1.203e-15
3035.14	1.096e-15
3035.62	1.012e-15
3036.11	9.669e-16
3036.59	9.709e-16
3037.07	7.956e-16
3037.55	7.827e-16
3038.03	4.830e-16
3038.51	1.299e-17
3039.00	0.000e+00
3039.48	0.000e+00
3039.96	9.438e-16
3040.44	1.319e-15
3040.92	1.128e-15
3041.41	1.085e-15
3041.89	1.086e-15
3042.37	1.033e-15
3042.85	1.162e-15
3043.33	1.155e-15
3043.82	1.364e-15
3044.30	1.040e-15
3044.78	9.262e-16
3045.26	9.211e-16
3045.74	7.517e-16
3046.23	9.068e-16
3046.71	1.189e-15
3047.19	1.144e-15
3047.67	1.095e-15
3048.15	1.010e-15
3048.64	1.231e-15
3049.12	8.195e-16
3049.60	7.725e-16
3050.08	1.094e-15
3050.56	7.231e-16
3051.05	5.287e-16
3051.53	7.211e-16
3052.01	1.039e-15
3052.49	7.495e-16
3052.97	1.475e-16
3053.46	0.000e+00
3053.94	0.000e+00
3054.42	3.552e-16
3054.90	3.109e-16
3055.38	3.876e-16
3055.87	5.446e-16
3056.35	8.484e-16
3056.83	1.030e-15
3057.31	1.175e-15
3057.79	1.395e-15
3058.28	1.661e-15
3058.76	1.732e-15
3059.24	1.590e-15
3059.72	1.230e-15
3060.20	4.793e-16
3060.69	1.867e-16
3061.17	7.453e-16
3061.65	1.585e-15
3062.13	2.219e-15
3062.61	2.352e-15
3063.10	1.931e-15
3063.58	9.918e-16
3064.06	1.110e-15
3064.54	1.365e-15
3065.02	1.940e-15
3065.50	2.138e-15
3065.99	2.456e-15
3066.47	2.282e-15
3066.95	1.903e-15
3067.43	1.319e-15
3067.91	7.770e-16
3068.40	3.063e-16
3068.88	3.598e-16
3069.36	6.690e-16
3069.84	8.079e-16
3070.32	2.802e-16
3070.81	6.845e-16
3071.29	1.519e-15
3071.77	1.527e-15
3072.25	1.702e-15
3072.73	1.654e-15
3073.22	1.671e-15
3073.70	1.775e-15
3074.18	1.952e-15
3074.66	2.164e-15
3075.14	2.001e-15
3075.63	1.896e-15
3076.11	2.207e-15
3076.59	2.537e-15
3077.07	2.582e-15
3077.55	2.928e-15
3078.04	2.765e-15
3078.52	2.166e-15
3079.00	1.227e-15
3079.48	9.908e-16
3079.96	1.246e-15
3080.45	1.157e-15
3080.93	1.146e-15
3081.41	6.413e-16
3081.89	0.000e+00
3082.37	0.000e+00
3082.86	0.000e+00
3083.34	0.000e+00
3083.82	0.000e+00
3084.30	0.000e+00
3084.78	0.000e+00
3085.27	0.000e+00
3085.75	0.000e+00
3086.23	0.000e+00
3086.71	0.000e+00
3087.19	0.000e+00
3087.68	0.000e+00
3088.16	0.000e+00
3088.64	0.000e+00
3089.12	0.000e+00
3089.60	0.000e+00
