#FeIII template from Vestergaard & Wilkes 2001
1074.99	0.000e+00
1075.47	0.000e+00
1075.95	0.000e+00
1076.43	0.000e+00
1076.91	0.000e+00
1077.40	0.000e+00
1077.88	0.000e+00
1078.36	0.000e+00
1078.84	0.000e+00
1079.32	0.000e+00
1079.81	0.000e+00
1080.29	0.000e+00
1080.77	0.000e+00
1081.25	0.000e+00
1081.73	0.000e+00
1082.22	0.000e+00
1082.70	0.000e+00
1083.18	0.000e+00
1083.66	0.000e+00
1084.14	0.000e+00
1084.63	0.000e+00
1085.11	0.000e+00
1085.59	0.000e+00
1086.07	0.000e+00
1086.55	0.000e+00
1087.04	0.000e+00
1087.52	0.000e+00
1088.00	0.000e+00
1088.48	0.000e+00
1088.96	0.000e+00
1089.45	0.000e+00
1089.93	0.000e+00
1090.41	0.000e+00
1090.89	0.000e+00
1091.37	0.000e+00
1091.86	0.000e+00
1092.34	0.000e+00
1092.82	0.000e+00
1093.30	0.000e+00
1093.78	0.000e+00
1094.27	0.000e+00
1094.75	0.000e+00
1095.23	0.000e+00
1095.71	0.000e+00
1096.19	0.000e+00
1096.68	0.000e+00
1097.16	0.000e+00
1097.64	0.000e+00
1098.12	0.000e+00
1098.60	0.000e+00
1099.09	0.000e+00
1099.57	0.000e+00
1100.05	0.000e+00
1100.53	0.000e+00
1101.01	0.000e+00
1101.50	0.000e+00
1101.98	0.000e+00
1102.46	0.000e+00
1102.94	0.000e+00
1103.42	0.000e+00
1103.90	0.000e+00
1104.39	0.000e+00
1104.87	0.000e+00
1105.35	0.000e+00
1105.83	0.000e+00
1106.31	0.000e+00
1106.80	0.000e+00
1107.28	0.000e+00
1107.76	0.000e+00
1108.24	0.000e+00
1108.72	0.000e+00
1109.21	0.000e+00
1109.69	0.000e+00
1110.17	0.000e+00
1110.65	0.000e+00
1111.13	0.000e+00
1111.62	0.000e+00
1112.10	0.000e+00
1112.58	0.000e+00
1113.06	0.000e+00
1113.54	0.000e+00
1114.03	0.000e+00
1114.51	0.000e+00
1114.99	0.000e+00
1115.47	0.000e+00
1115.95	0.000e+00
1116.44	0.000e+00
1116.92	0.000e+00
1117.40	0.000e+00
1117.88	0.000e+00
1118.36	0.000e+00
1118.85	0.000e+00
1119.33	0.000e+00
1119.81	0.000e+00
1120.29	0.000e+00
1120.77	0.000e+00
1121.26	0.000e+00
1121.74	0.000e+00
1122.22	0.000e+00
1122.70	0.000e+00
1123.18	0.000e+00
1123.67	0.000e+00
1124.15	0.000e+00
1124.63	0.000e+00
1125.11	0.000e+00
1125.59	0.000e+00
1126.08	0.000e+00
1126.56	0.000e+00
1127.04	0.000e+00
1127.52	0.000e+00
1128.00	0.000e+00
1128.49	0.000e+00
1128.97	0.000e+00
1129.45	0.000e+00
1129.93	0.000e+00
1130.41	0.000e+00
1130.90	0.000e+00
1131.38	0.000e+00
1131.86	0.000e+00
1132.34	0.000e+00
1132.82	0.000e+00
1133.30	0.000e+00
1133.79	0.000e+00
1134.27	0.000e+00
1134.75	0.000e+00
1135.23	0.000e+00
1135.71	0.000e+00
1136.20	0.000e+00
1136.68	0.000e+00
1137.16	0.000e+00
1137.64	0.000e+00
1138.12	0.000e+00
1138.61	0.000e+00
1139.09	0.000e+00
1139.57	0.000e+00
1140.05	0.000e+00
1140.53	0.000e+00
1141.02	0.000e+00
1141.50	0.000e+00
1141.98	0.000e+00
1142.46	0.000e+00
1142.94	0.000e+00
1143.43	0.000e+00
1143.91	0.000e+00
1144.39	0.000e+00
1144.87	0.000e+00
1145.35	0.000e+00
1145.84	0.000e+00
1146.32	0.000e+00
1146.80	0.000e+00
1147.28	0.000e+00
1147.76	0.000e+00
1148.25	0.000e+00
1148.73	0.000e+00
1149.21	0.000e+00
1149.69	0.000e+00
1150.17	0.000e+00
1150.66	0.000e+00
1151.14	0.000e+00
1151.62	0.000e+00
1152.10	0.000e+00
1152.58	0.000e+00
1153.07	0.000e+00
1153.55	0.000e+00
1154.03	0.000e+00
1154.51	0.000e+00
1154.99	0.000e+00
1155.48	0.000e+00
1155.96	0.000e+00
1156.44	0.000e+00
1156.92	0.000e+00
1157.40	0.000e+00
1157.89	0.000e+00
1158.37	0.000e+00
1158.85	0.000e+00
1159.33	0.000e+00
1159.81	0.000e+00
1160.29	0.000e+00
1160.78	0.000e+00
1161.26	0.000e+00
1161.74	0.000e+00
1162.22	0.000e+00
1162.70	0.000e+00
1163.19	0.000e+00
1163.67	0.000e+00
1164.15	0.000e+00
1164.63	0.000e+00
1165.11	0.000e+00
1165.60	0.000e+00
1166.08	0.000e+00
1166.56	0.000e+00
1167.04	0.000e+00
1167.52	0.000e+00
1168.01	0.000e+00
1168.49	0.000e+00
1168.97	0.000e+00
1169.45	0.000e+00
1169.93	0.000e+00
1170.42	0.000e+00
1170.90	0.000e+00
1171.38	0.000e+00
1171.86	0.000e+00
1172.34	0.000e+00
1172.83	0.000e+00
1173.31	0.000e+00
1173.79	0.000e+00
1174.27	0.000e+00
1174.75	0.000e+00
1175.24	0.000e+00
1175.72	0.000e+00
1176.20	0.000e+00
1176.68	0.000e+00
1177.16	0.000e+00
1177.65	0.000e+00
1178.13	0.000e+00
1178.61	0.000e+00
1179.09	0.000e+00
1179.57	0.000e+00
1180.06	0.000e+00
1180.54	0.000e+00
1181.02	0.000e+00
1181.50	0.000e+00
1181.98	0.000e+00
1182.47	0.000e+00
1182.95	0.000e+00
1183.43	0.000e+00
1183.91	0.000e+00
1184.39	0.000e+00
1184.88	0.000e+00
1185.36	0.000e+00
1185.84	0.000e+00
1186.32	0.000e+00
1186.80	0.000e+00
1187.28	0.000e+00
1187.77	0.000e+00
1188.25	0.000e+00
1188.73	0.000e+00
1189.21	0.000e+00
1189.69	0.000e+00
1190.18	0.000e+00
1190.66	0.000e+00
1191.14	0.000e+00
1191.62	0.000e+00
1192.10	0.000e+00
1192.59	0.000e+00
1193.07	0.000e+00
1193.55	0.000e+00
1194.03	0.000e+00
1194.51	0.000e+00
1195.00	0.000e+00
1195.48	0.000e+00
1195.96	0.000e+00
1196.44	0.000e+00
1196.92	0.000e+00
1197.41	0.000e+00
1197.89	0.000e+00
1198.37	0.000e+00
1198.85	0.000e+00
1199.33	0.000e+00
1199.82	0.000e+00
1200.30	0.000e+00
1200.78	0.000e+00
1201.26	0.000e+00
1201.74	0.000e+00
1202.23	0.000e+00
1202.71	0.000e+00
1203.19	0.000e+00
1203.67	0.000e+00
1204.15	0.000e+00
1204.64	0.000e+00
1205.12	0.000e+00
1205.60	0.000e+00
1206.08	0.000e+00
1206.56	0.000e+00
1207.05	0.000e+00
1207.53	0.000e+00
1208.01	0.000e+00
1208.49	0.000e+00
1208.97	0.000e+00
1209.46	0.000e+00
1209.94	0.000e+00
1210.42	0.000e+00
1210.90	0.000e+00
1211.38	0.000e+00
1211.87	0.000e+00
1212.35	0.000e+00
1212.83	0.000e+00
1213.31	0.000e+00
1213.79	0.000e+00
1214.28	0.000e+00
1214.76	0.000e+00
1215.24	0.000e+00
1215.72	0.000e+00
1216.20	0.000e+00
1216.68	0.000e+00
1217.17	0.000e+00
1217.65	0.000e+00
1218.13	0.000e+00
1218.61	0.000e+00
1219.09	0.000e+00
1219.58	0.000e+00
1220.06	0.000e+00
1220.54	0.000e+00
1221.02	0.000e+00
1221.50	0.000e+00
1221.99	0.000e+00
1222.47	0.000e+00
1222.95	0.000e+00
1223.43	0.000e+00
1223.91	0.000e+00
1224.40	0.000e+00
1224.88	0.000e+00
1225.36	0.000e+00
1225.84	0.000e+00
1226.32	0.000e+00
1226.81	0.000e+00
1227.29	0.000e+00
1227.77	0.000e+00
1228.25	0.000e+00
1228.73	0.000e+00
1229.22	0.000e+00
1229.70	0.000e+00
1230.18	0.000e+00
1230.66	0.000e+00
1231.14	0.000e+00
1231.63	0.000e+00
1232.11	0.000e+00
1232.59	0.000e+00
1233.07	0.000e+00
1233.55	0.000e+00
1234.04	0.000e+00
1234.52	0.000e+00
1235.00	0.000e+00
1235.48	0.000e+00
1235.96	0.000e+00
1236.45	0.000e+00
1236.93	0.000e+00
1237.41	0.000e+00
1237.89	0.000e+00
1238.37	0.000e+00
1238.86	0.000e+00
1239.34	0.000e+00
1239.82	0.000e+00
1240.30	0.000e+00
1240.78	0.000e+00
1241.27	0.000e+00
1241.75	0.000e+00
1242.23	0.000e+00
1242.71	0.000e+00
1243.19	0.000e+00
1243.67	0.000e+00
1244.16	0.000e+00
1244.64	0.000e+00
1245.12	0.000e+00
1245.60	0.000e+00
1246.08	0.000e+00
1246.57	0.000e+00
1247.05	0.000e+00
1247.53	0.000e+00
1248.01	0.000e+00
1248.49	0.000e+00
1248.98	0.000e+00
1249.46	0.000e+00
1249.94	0.000e+00
1250.42	0.000e+00
1250.90	0.000e+00
1251.39	0.000e+00
1251.87	0.000e+00
1252.35	0.000e+00
1252.83	0.000e+00
1253.31	0.000e+00
1253.80	0.000e+00
1254.28	0.000e+00
1254.76	0.000e+00
1255.24	0.000e+00
1255.72	0.000e+00
1256.21	0.000e+00
1256.69	0.000e+00
1257.17	0.000e+00
1257.65	0.000e+00
1258.13	0.000e+00
1258.62	0.000e+00
1259.10	0.000e+00
1259.58	0.000e+00
1260.06	0.000e+00
1260.54	0.000e+00
1261.03	0.000e+00
1261.51	0.000e+00
1261.99	0.000e+00
1262.47	0.000e+00
1262.95	0.000e+00
1263.44	0.000e+00
1263.92	0.000e+00
1264.40	0.000e+00
1264.88	0.000e+00
1265.36	0.000e+00
1265.85	0.000e+00
1266.33	0.000e+00
1266.81	0.000e+00
1267.29	0.000e+00
1267.77	0.000e+00
1268.26	0.000e+00
1268.74	0.000e+00
1269.22	0.000e+00
1269.70	0.000e+00
1270.18	0.000e+00
1270.67	0.000e+00
1271.15	0.000e+00
1271.63	0.000e+00
1272.11	0.000e+00
1272.59	0.000e+00
1273.07	0.000e+00
1273.56	0.000e+00
1274.04	0.000e+00
1274.52	0.000e+00
1275.00	0.000e+00
1275.48	0.000e+00
1275.97	0.000e+00
1276.45	0.000e+00
1276.93	0.000e+00
1277.41	0.000e+00
1277.89	0.000e+00
1278.38	0.000e+00
1278.86	0.000e+00
1279.34	0.000e+00
1279.82	0.000e+00
1280.30	0.000e+00
1280.79	0.000e+00
1281.27	0.000e+00
1281.75	0.000e+00
1282.23	0.000e+00
1282.71	0.000e+00
1283.20	0.000e+00
1283.68	0.000e+00
1284.16	0.000e+00
1284.64	0.000e+00
1285.12	0.000e+00
1285.61	0.000e+00
1286.09	0.000e+00
1286.57	0.000e+00
1287.05	0.000e+00
1287.53	0.000e+00
1288.02	0.000e+00
1288.50	0.000e+00
1288.98	0.000e+00
1289.46	0.000e+00
1289.94	0.000e+00
1290.43	0.000e+00
1290.91	0.000e+00
1291.39	0.000e+00
1291.87	0.000e+00
1292.35	0.000e+00
1292.84	0.000e+00
1293.32	0.000e+00
1293.80	0.000e+00
1294.28	0.000e+00
1294.76	0.000e+00
1295.25	0.000e+00
1295.73	0.000e+00
1296.21	0.000e+00
1296.69	0.000e+00
1297.17	0.000e+00
1297.66	0.000e+00
1298.14	0.000e+00
1298.62	0.000e+00
1299.10	0.000e+00
1299.58	0.000e+00
1300.06	0.000e+00
1300.55	0.000e+00
1301.03	0.000e+00
1301.51	0.000e+00
1301.99	0.000e+00
1302.47	0.000e+00
1302.96	0.000e+00
1303.44	0.000e+00
1303.92	0.000e+00
1304.40	0.000e+00
1304.88	0.000e+00
1305.37	0.000e+00
1305.85	0.000e+00
1306.33	0.000e+00
1306.81	0.000e+00
1307.29	0.000e+00
1307.78	0.000e+00
1308.26	0.000e+00
1308.74	0.000e+00
1309.22	0.000e+00
1309.70	0.000e+00
1310.19	0.000e+00
1310.67	0.000e+00
1311.15	0.000e+00
1311.63	0.000e+00
1312.11	0.000e+00
1312.60	0.000e+00
1313.08	0.000e+00
1313.56	0.000e+00
1314.04	0.000e+00
1314.52	0.000e+00
1315.01	0.000e+00
1315.49	0.000e+00
1315.97	0.000e+00
1316.45	0.000e+00
1316.93	0.000e+00
1317.42	0.000e+00
1317.90	0.000e+00
1318.38	0.000e+00
1318.86	0.000e+00
1319.34	0.000e+00
1319.83	0.000e+00
1320.31	0.000e+00
1320.79	0.000e+00
1321.27	0.000e+00
1321.75	0.000e+00
1322.24	0.000e+00
1322.72	0.000e+00
1323.20	0.000e+00
1323.68	0.000e+00
1324.16	0.000e+00
1324.65	0.000e+00
1325.13	0.000e+00
1325.61	0.000e+00
1326.09	0.000e+00
1326.57	0.000e+00
1327.06	0.000e+00
1327.54	0.000e+00
1328.02	0.000e+00
1328.50	0.000e+00
1328.98	0.000e+00
1329.46	0.000e+00
1329.95	0.000e+00
1330.43	0.000e+00
1330.91	0.000e+00
1331.39	0.000e+00
1331.87	0.000e+00
1332.36	0.000e+00
1332.84	0.000e+00
1333.32	0.000e+00
1333.80	0.000e+00
1334.28	0.000e+00
1334.77	0.000e+00
1335.25	0.000e+00
1335.73	0.000e+00
1336.21	0.000e+00
1336.69	0.000e+00
1337.18	0.000e+00
1337.66	0.000e+00
1338.14	0.000e+00
1338.62	0.000e+00
1339.10	0.000e+00
1339.59	0.000e+00
1340.07	0.000e+00
1340.55	0.000e+00
1341.03	0.000e+00
1341.51	0.000e+00
1342.00	0.000e+00
1342.48	0.000e+00
1342.96	0.000e+00
1343.44	0.000e+00
1343.92	0.000e+00
1344.41	0.000e+00
1344.89	0.000e+00
1345.37	0.000e+00
1345.85	0.000e+00
1346.33	0.000e+00
1346.82	0.000e+00
1347.30	0.000e+00
1347.78	0.000e+00
1348.26	0.000e+00
1348.74	0.000e+00
1349.23	0.000e+00
1349.71	0.000e+00
1350.19	0.000e+00
1350.67	0.000e+00
1351.15	0.000e+00
1351.64	0.000e+00
1352.12	0.000e+00
1352.60	0.000e+00
1353.08	0.000e+00
1353.56	0.000e+00
1354.05	0.000e+00
1354.53	0.000e+00
1355.01	0.000e+00
1355.49	0.000e+00
1355.97	0.000e+00
1356.45	0.000e+00
1356.94	0.000e+00
1357.42	0.000e+00
1357.90	0.000e+00
1358.38	0.000e+00
1358.86	0.000e+00
1359.35	0.000e+00
1359.83	0.000e+00
1360.31	0.000e+00
1360.79	0.000e+00
1361.27	0.000e+00
1361.76	0.000e+00
1362.24	0.000e+00
1362.72	0.000e+00
1363.20	0.000e+00
1363.68	0.000e+00
1364.17	0.000e+00
1364.65	0.000e+00
1365.13	0.000e+00
1365.61	0.000e+00
1366.09	0.000e+00
1366.58	0.000e+00
1367.06	0.000e+00
1367.54	0.000e+00
1368.02	0.000e+00
1368.50	0.000e+00
1368.99	0.000e+00
1369.47	0.000e+00
1369.95	0.000e+00
1370.43	0.000e+00
1370.91	0.000e+00
1371.40	0.000e+00
1371.88	0.000e+00
1372.36	0.000e+00
1372.84	0.000e+00
1373.32	0.000e+00
1373.81	0.000e+00
1374.29	0.000e+00
1374.77	0.000e+00
1375.25	0.000e+00
1375.73	0.000e+00
1376.22	0.000e+00
1376.70	0.000e+00
1377.18	0.000e+00
1377.66	0.000e+00
1378.14	0.000e+00
1378.63	0.000e+00
1379.11	0.000e+00
1379.59	0.000e+00
1380.07	0.000e+00
1380.55	0.000e+00
1381.04	0.000e+00
1381.52	0.000e+00
1382.00	0.000e+00
1382.48	0.000e+00
1382.96	0.000e+00
1383.44	0.000e+00
1383.93	0.000e+00
1384.41	0.000e+00
1384.89	0.000e+00
1385.37	0.000e+00
1385.85	0.000e+00
1386.34	0.000e+00
1386.82	0.000e+00
1387.30	0.000e+00
1387.78	0.000e+00
1388.26	0.000e+00
1388.75	0.000e+00
1389.23	0.000e+00
1389.71	0.000e+00
1390.19	0.000e+00
1390.67	0.000e+00
1391.16	0.000e+00
1391.64	0.000e+00
1392.12	0.000e+00
1392.60	0.000e+00
1393.08	0.000e+00
1393.57	0.000e+00
1394.05	0.000e+00
1394.53	0.000e+00
1395.01	0.000e+00
1395.49	0.000e+00
1395.98	0.000e+00
1396.46	0.000e+00
1396.94	0.000e+00
1397.42	0.000e+00
1397.90	0.000e+00
1398.39	0.000e+00
1398.87	0.000e+00
1399.35	0.000e+00
1399.83	0.000e+00
1400.31	0.000e+00
1400.80	0.000e+00
1401.28	0.000e+00
1401.76	0.000e+00
1402.24	0.000e+00
1402.72	0.000e+00
1403.21	0.000e+00
1403.69	0.000e+00
1404.17	0.000e+00
1404.65	0.000e+00
1405.13	0.000e+00
1405.62	0.000e+00
1406.10	0.000e+00
1406.58	0.000e+00
1407.06	0.000e+00
1407.54	0.000e+00
1408.03	0.000e+00
1408.51	0.000e+00
1408.99	0.000e+00
1409.47	0.000e+00
1409.95	0.000e+00
1410.44	0.000e+00
1410.92	0.000e+00
1411.40	0.000e+00
1411.88	0.000e+00
1412.36	0.000e+00
1412.84	0.000e+00
1413.33	0.000e+00
1413.81	0.000e+00
1414.29	0.000e+00
1414.77	0.000e+00
1415.25	0.000e+00
1415.74	0.000e+00
1416.22	0.000e+00
1416.70	0.000e+00
1417.18	0.000e+00
1417.66	0.000e+00
1418.15	0.000e+00
1418.63	0.000e+00
1419.11	0.000e+00
1419.59	0.000e+00
1420.07	0.000e+00
1420.56	0.000e+00
1421.04	0.000e+00
1421.52	0.000e+00
1422.00	0.000e+00
1422.48	0.000e+00
1422.97	0.000e+00
1423.45	0.000e+00
1423.93	0.000e+00
1424.41	0.000e+00
1424.89	0.000e+00
1425.38	0.000e+00
1425.86	0.000e+00
1426.34	0.000e+00
1426.82	0.000e+00
1427.30	0.000e+00
1427.79	0.000e+00
1428.27	0.000e+00
1428.75	0.000e+00
1429.23	0.000e+00
1429.71	0.000e+00
1430.20	0.000e+00
1430.68	0.000e+00
1431.16	0.000e+00
1431.64	0.000e+00
1432.12	0.000e+00
1432.61	0.000e+00
1433.09	0.000e+00
1433.57	0.000e+00
1434.05	0.000e+00
1434.53	0.000e+00
1435.02	0.000e+00
1435.50	0.000e+00
1435.98	0.000e+00
1436.46	0.000e+00
1436.94	0.000e+00
1437.43	0.000e+00
1437.91	0.000e+00
1438.39	0.000e+00
1438.87	0.000e+00
1439.35	0.000e+00
1439.83	0.000e+00
1440.32	0.000e+00
1440.80	0.000e+00
1441.28	0.000e+00
1441.76	0.000e+00
1442.24	0.000e+00
1442.73	0.000e+00
1443.21	0.000e+00
1443.69	0.000e+00
1444.17	0.000e+00
1444.65	0.000e+00
1445.14	0.000e+00
1445.62	0.000e+00
1446.10	0.000e+00
1446.58	0.000e+00
1447.06	0.000e+00
1447.55	0.000e+00
1448.03	0.000e+00
1448.51	0.000e+00
1448.99	0.000e+00
1449.47	0.000e+00
1449.96	0.000e+00
1450.44	0.000e+00
1450.92	0.000e+00
1451.40	0.000e+00
1451.88	0.000e+00
1452.37	0.000e+00
1452.85	0.000e+00
1453.33	0.000e+00
1453.81	0.000e+00
1454.29	0.000e+00
1454.78	0.000e+00
1455.26	0.000e+00
1455.74	0.000e+00
1456.22	0.000e+00
1456.70	0.000e+00
1457.19	0.000e+00
1457.67	0.000e+00
1458.15	0.000e+00
1458.63	0.000e+00
1459.11	0.000e+00
1459.60	0.000e+00
1460.08	0.000e+00
1460.56	0.000e+00
1461.04	0.000e+00
1461.52	0.000e+00
1462.01	0.000e+00
1462.49	0.000e+00
1462.97	0.000e+00
1463.45	0.000e+00
1463.93	0.000e+00
1464.42	0.000e+00
1464.90	0.000e+00
1465.38	0.000e+00
1465.86	0.000e+00
1466.34	0.000e+00
1466.83	0.000e+00
1467.31	0.000e+00
1467.79	0.000e+00
1468.27	0.000e+00
1468.75	0.000e+00
1469.23	0.000e+00
1469.72	0.000e+00
1470.20	0.000e+00
1470.68	0.000e+00
1471.16	0.000e+00
1471.64	0.000e+00
1472.13	0.000e+00
1472.61	0.000e+00
1473.09	0.000e+00
1473.57	0.000e+00
1474.05	0.000e+00
1474.54	0.000e+00
1475.02	0.000e+00
1475.50	0.000e+00
1475.98	0.000e+00
1476.46	0.000e+00
1476.95	0.000e+00
1477.43	0.000e+00
1477.91	0.000e+00
1478.39	0.000e+00
1478.87	0.000e+00
1479.36	0.000e+00
1479.84	0.000e+00
1480.32	0.000e+00
1480.80	0.000e+00
1481.28	0.000e+00
1481.77	0.000e+00
1482.25	0.000e+00
1482.73	0.000e+00
1483.21	0.000e+00
1483.69	0.000e+00
1484.18	0.000e+00
1484.66	0.000e+00
1485.14	0.000e+00
1485.62	0.000e+00
1486.10	0.000e+00
1486.59	0.000e+00
1487.07	0.000e+00
1487.55	0.000e+00
1488.03	0.000e+00
1488.51	0.000e+00
1489.00	0.000e+00
1489.48	0.000e+00
1489.96	2.807e-15
1490.44	3.750e-15
1490.92	3.513e-15
1491.41	3.738e-15
1491.89	5.122e-15
1492.37	4.940e-15
1492.85	6.540e-15
1493.33	7.878e-15
1493.82	6.479e-15
1494.30	8.626e-15
1494.78	8.130e-15
1495.26	8.133e-15
1495.74	7.278e-15
1496.22	6.482e-15
1496.71	5.613e-15
1497.19	6.376e-15
1497.67	6.497e-15
1498.15	7.300e-15
1498.63	7.628e-15
1499.12	8.252e-15
1499.60	7.725e-15
1500.08	6.306e-15
1500.56	7.946e-15
1501.04	6.467e-15
1501.53	6.565e-15
1502.01	6.468e-15
1502.49	7.037e-15
1502.97	6.351e-15
1503.45	7.351e-15
1503.94	4.875e-15
1504.42	4.792e-15
1504.90	4.705e-15
1505.38	4.397e-15
1505.86	3.106e-15
1506.35	4.744e-15
1506.83	4.185e-15
1507.31	3.296e-15
1507.79	2.924e-15
1508.27	3.147e-15
1508.76	4.917e-15
1509.24	4.017e-15
1509.72	4.738e-15
1510.20	2.858e-15
1510.68	4.446e-15
1511.17	5.828e-15
1511.65	5.500e-15
1512.13	7.926e-15
1512.61	6.735e-15
1513.09	1.205e-14
1513.58	7.237e-15
1514.06	1.169e-14
1514.54	9.447e-15
1515.02	6.274e-15
1515.50	8.676e-15
1515.99	1.178e-14
1516.47	8.134e-15
1516.95	9.532e-15
1517.43	9.262e-15
1517.91	1.109e-14
1518.40	1.364e-14
1518.88	8.534e-15
1519.36	6.857e-15
1519.84	8.801e-15
1520.32	7.491e-15
1520.81	4.732e-15
1521.29	1.744e-15
1521.77	2.630e-15
1522.25	3.809e-15
1522.73	0.000e+00
1523.22	0.000e+00
1523.70	1.199e-15
1524.18	5.299e-16
1524.66	8.061e-16
1525.14	0.000e+00
1525.62	0.000e+00
1526.11	0.000e+00
1526.59	0.000e+00
1527.07	0.000e+00
1527.55	0.000e+00
1528.03	0.000e+00
1528.52	0.000e+00
1529.00	0.000e+00
1529.48	0.000e+00
1529.96	0.000e+00
1530.44	0.000e+00
1530.93	0.000e+00
1531.41	0.000e+00
1531.89	0.000e+00
1532.37	0.000e+00
1532.85	0.000e+00
1533.34	0.000e+00
1533.82	0.000e+00
1534.30	0.000e+00
1534.78	0.000e+00
1535.26	0.000e+00
1535.75	0.000e+00
1536.23	0.000e+00
1536.71	0.000e+00
1537.19	0.000e+00
1537.67	0.000e+00
1538.16	0.000e+00
1538.64	0.000e+00
1539.12	0.000e+00
1539.60	0.000e+00
1540.08	0.000e+00
1540.57	0.000e+00
1541.05	0.000e+00
1541.53	0.000e+00
1542.01	0.000e+00
1542.49	0.000e+00
1542.98	0.000e+00
1543.46	0.000e+00
1543.94	0.000e+00
1544.42	0.000e+00
1544.90	0.000e+00
1545.39	0.000e+00
1545.87	0.000e+00
1546.35	0.000e+00
1546.83	0.000e+00
1547.31	0.000e+00
1547.80	0.000e+00
1548.28	0.000e+00
1548.76	0.000e+00
1549.24	0.000e+00
1549.72	0.000e+00
1550.21	0.000e+00
1550.69	1.405e-15
1551.17	2.033e-15
1551.65	3.580e-15
1552.13	4.868e-15
1552.61	2.010e-15
1553.10	1.405e-16
1553.58	0.000e+00
1554.06	0.000e+00
1554.54	0.000e+00
1555.02	0.000e+00
1555.51	0.000e+00
1555.99	0.000e+00
1556.47	0.000e+00
1556.95	0.000e+00
1557.43	0.000e+00
1557.92	0.000e+00
1558.40	0.000e+00
1558.88	0.000e+00
1559.36	0.000e+00
1559.84	0.000e+00
1560.33	0.000e+00
1560.81	0.000e+00
1561.29	0.000e+00
1561.77	0.000e+00
1562.25	0.000e+00
1562.74	0.000e+00
1563.22	0.000e+00
1563.70	0.000e+00
1564.18	0.000e+00
1564.66	0.000e+00
1565.15	0.000e+00
1565.63	0.000e+00
1566.11	0.000e+00
1566.59	0.000e+00
1567.07	0.000e+00
1567.56	0.000e+00
1568.04	0.000e+00
1568.52	0.000e+00
1569.00	0.000e+00
1569.48	0.000e+00
1569.97	0.000e+00
1570.45	0.000e+00
1570.93	0.000e+00
1571.41	0.000e+00
1571.89	0.000e+00
1572.38	0.000e+00
1572.86	0.000e+00
1573.34	0.000e+00
1573.82	0.000e+00
1574.30	0.000e+00
1574.79	0.000e+00
1575.27	0.000e+00
1575.75	0.000e+00
1576.23	0.000e+00
1576.71	0.000e+00
1577.20	0.000e+00
1577.68	0.000e+00
1578.16	0.000e+00
1578.64	0.000e+00
1579.12	0.000e+00
1579.60	0.000e+00
1580.09	0.000e+00
1580.57	0.000e+00
1581.05	0.000e+00
1581.53	0.000e+00
1582.01	0.000e+00
1582.50	0.000e+00
1582.98	0.000e+00
1583.46	0.000e+00
1583.94	0.000e+00
1584.42	0.000e+00
1584.91	0.000e+00
1585.39	0.000e+00
1585.87	0.000e+00
1586.35	0.000e+00
1586.83	0.000e+00
1587.32	0.000e+00
1587.80	0.000e+00
1588.28	0.000e+00
1588.76	0.000e+00
1589.24	0.000e+00
1589.73	0.000e+00
1590.21	0.000e+00
1590.69	0.000e+00
1591.17	0.000e+00
1591.65	0.000e+00
1592.14	0.000e+00
1592.62	0.000e+00
1593.10	0.000e+00
1593.58	0.000e+00
1594.06	0.000e+00
1594.55	0.000e+00
1595.03	0.000e+00
1595.51	0.000e+00
1595.99	0.000e+00
1596.47	0.000e+00
1596.96	0.000e+00
1597.44	0.000e+00
1597.92	0.000e+00
1598.40	0.000e+00
1598.88	0.000e+00
1599.37	0.000e+00
1599.85	0.000e+00
1600.33	0.000e+00
1600.81	0.000e+00
1601.29	0.000e+00
1601.78	0.000e+00
1602.26	0.000e+00
1602.74	0.000e+00
1603.22	0.000e+00
1603.70	0.000e+00
1604.19	0.000e+00
1604.67	0.000e+00
1605.15	0.000e+00
1605.63	0.000e+00
1606.11	0.000e+00
1606.60	0.000e+00
1607.08	0.000e+00
1607.56	0.000e+00
1608.04	0.000e+00
1608.52	0.000e+00
1609.00	0.000e+00
1609.49	0.000e+00
1609.97	0.000e+00
1610.45	0.000e+00
1610.93	0.000e+00
1611.41	0.000e+00
1611.90	0.000e+00
1612.38	0.000e+00
1612.86	0.000e+00
1613.34	0.000e+00
1613.82	0.000e+00
1614.31	0.000e+00
1614.79	0.000e+00
1615.27	0.000e+00
1615.75	0.000e+00
1616.23	0.000e+00
1616.72	0.000e+00
1617.20	0.000e+00
1617.68	0.000e+00
1618.16	0.000e+00
1618.64	0.000e+00
1619.13	0.000e+00
1619.61	0.000e+00
1620.09	0.000e+00
1620.57	0.000e+00
1621.05	0.000e+00
1621.54	0.000e+00
1622.02	0.000e+00
1622.50	0.000e+00
1622.98	0.000e+00
1623.46	0.000e+00
1623.95	0.000e+00
1624.43	0.000e+00
1624.91	0.000e+00
1625.39	0.000e+00
1625.87	0.000e+00
1626.36	0.000e+00
1626.84	0.000e+00
1627.32	0.000e+00
1627.80	0.000e+00
1628.28	0.000e+00
1628.77	0.000e+00
1629.25	0.000e+00
1629.73	0.000e+00
1630.21	0.000e+00
1630.69	0.000e+00
1631.18	0.000e+00
1631.66	0.000e+00
1632.14	0.000e+00
1632.62	0.000e+00
1633.10	0.000e+00
1633.59	0.000e+00
1634.07	0.000e+00
1634.55	0.000e+00
1635.03	0.000e+00
1635.51	0.000e+00
1635.99	0.000e+00
1636.48	0.000e+00
1636.96	0.000e+00
1637.44	0.000e+00
1637.92	0.000e+00
1638.40	0.000e+00
1638.89	0.000e+00
1639.37	0.000e+00
1639.85	0.000e+00
1640.33	0.000e+00
1640.81	0.000e+00
1641.30	0.000e+00
1641.78	0.000e+00
1642.26	0.000e+00
1642.74	0.000e+00
1643.22	0.000e+00
1643.71	0.000e+00
1644.19	0.000e+00
1644.67	0.000e+00
1645.15	0.000e+00
1645.63	0.000e+00
1646.12	0.000e+00
1646.60	0.000e+00
1647.08	0.000e+00
1647.56	0.000e+00
1648.04	0.000e+00
1648.53	0.000e+00
1649.01	0.000e+00
1649.49	0.000e+00
1649.97	0.000e+00
1650.45	0.000e+00
1650.94	0.000e+00
1651.42	0.000e+00
1651.90	0.000e+00
1652.38	0.000e+00
1652.86	0.000e+00
1653.35	0.000e+00
1653.83	0.000e+00
1654.31	0.000e+00
1654.79	0.000e+00
1655.27	0.000e+00
1655.76	0.000e+00
1656.24	0.000e+00
1656.72	0.000e+00
1657.20	0.000e+00
1657.68	0.000e+00
1658.17	0.000e+00
1658.65	0.000e+00
1659.13	0.000e+00
1659.61	0.000e+00
1660.09	0.000e+00
1660.58	0.000e+00
1661.06	0.000e+00
1661.54	0.000e+00
1662.02	0.000e+00
1662.50	0.000e+00
1662.99	0.000e+00
1663.47	0.000e+00
1663.95	0.000e+00
1664.43	0.000e+00
1664.91	0.000e+00
1665.39	0.000e+00
1665.88	0.000e+00
1666.36	0.000e+00
1666.84	0.000e+00
1667.32	0.000e+00
1667.80	0.000e+00
1668.29	0.000e+00
1668.77	0.000e+00
1669.25	0.000e+00
1669.73	0.000e+00
1670.21	0.000e+00
1670.70	0.000e+00
1671.18	0.000e+00
1671.66	0.000e+00
1672.14	0.000e+00
1672.62	0.000e+00
1673.11	0.000e+00
1673.59	0.000e+00
1674.07	0.000e+00
1674.55	0.000e+00
1675.03	0.000e+00
1675.52	0.000e+00
1676.00	0.000e+00
1676.48	0.000e+00
1676.96	0.000e+00
1677.44	0.000e+00
1677.93	0.000e+00
1678.41	0.000e+00
1678.89	0.000e+00
1679.37	0.000e+00
1679.85	0.000e+00
1680.34	0.000e+00
1680.82	0.000e+00
1681.30	0.000e+00
1681.78	0.000e+00
1682.26	0.000e+00
1682.75	0.000e+00
1683.23	0.000e+00
1683.71	0.000e+00
1684.19	0.000e+00
1684.67	0.000e+00
1685.16	0.000e+00
1685.64	0.000e+00
1686.12	0.000e+00
1686.60	0.000e+00
1687.08	0.000e+00
1687.57	0.000e+00
1688.05	0.000e+00
1688.53	0.000e+00
1689.01	0.000e+00
1689.49	0.000e+00
1689.98	0.000e+00
1690.46	0.000e+00
1690.94	0.000e+00
1691.42	0.000e+00
1691.90	0.000e+00
1692.38	0.000e+00
1692.87	0.000e+00
1693.35	0.000e+00
1693.83	0.000e+00
1694.31	0.000e+00
1694.79	0.000e+00
1695.28	0.000e+00
1695.76	0.000e+00
1696.24	0.000e+00
1696.72	0.000e+00
1697.20	0.000e+00
1697.69	0.000e+00
1698.17	0.000e+00
1698.65	0.000e+00
1699.13	0.000e+00
1699.61	0.000e+00
1700.10	0.000e+00
1700.58	0.000e+00
1701.06	0.000e+00
1701.54	0.000e+00
1702.02	0.000e+00
1702.51	0.000e+00
1702.99	0.000e+00
1703.47	0.000e+00
1703.95	0.000e+00
1704.43	0.000e+00
1704.92	0.000e+00
1705.40	0.000e+00
1705.88	0.000e+00
1706.36	0.000e+00
1706.84	0.000e+00
1707.33	0.000e+00
1707.81	0.000e+00
1708.29	0.000e+00
1708.77	0.000e+00
1709.25	0.000e+00
1709.74	0.000e+00
1710.22	0.000e+00
1710.70	0.000e+00
1711.18	0.000e+00
1711.66	0.000e+00
1712.15	0.000e+00
1712.63	0.000e+00
1713.11	0.000e+00
1713.59	0.000e+00
1714.07	0.000e+00
1714.56	0.000e+00
1715.04	0.000e+00
1715.52	0.000e+00
1716.00	0.000e+00
1716.48	0.000e+00
1716.97	0.000e+00
1717.45	0.000e+00
1717.93	0.000e+00
1718.41	0.000e+00
1718.89	0.000e+00
1719.38	0.000e+00
1719.86	0.000e+00
1720.34	0.000e+00
1720.82	0.000e+00
1721.30	0.000e+00
1721.78	0.000e+00
1722.27	0.000e+00
1722.75	0.000e+00
1723.23	0.000e+00
1723.71	0.000e+00
1724.19	0.000e+00
1724.68	0.000e+00
1725.16	0.000e+00
1725.64	0.000e+00
1726.12	0.000e+00
1726.60	0.000e+00
1727.09	0.000e+00
1727.57	0.000e+00
1728.05	0.000e+00
1728.53	0.000e+00
1729.01	0.000e+00
1729.50	0.000e+00
1729.98	0.000e+00
1730.46	0.000e+00
1730.94	0.000e+00
1731.42	0.000e+00
1731.91	0.000e+00
1732.39	0.000e+00
1732.87	0.000e+00
1733.35	0.000e+00
1733.83	0.000e+00
1734.32	0.000e+00
1734.80	0.000e+00
1735.28	0.000e+00
1735.76	0.000e+00
1736.24	0.000e+00
1736.73	0.000e+00
1737.21	0.000e+00
1737.69	0.000e+00
1738.17	0.000e+00
1738.65	0.000e+00
1739.14	0.000e+00
1739.62	0.000e+00
1740.10	0.000e+00
1740.58	0.000e+00
1741.06	0.000e+00
1741.55	0.000e+00
1742.03	0.000e+00
1742.51	0.000e+00
1742.99	0.000e+00
1743.47	0.000e+00
1743.96	0.000e+00
1744.44	0.000e+00
1744.92	0.000e+00
1745.40	0.000e+00
1745.88	0.000e+00
1746.37	0.000e+00
1746.85	0.000e+00
1747.33	0.000e+00
1747.81	0.000e+00
1748.29	0.000e+00
1748.77	0.000e+00
1749.26	0.000e+00
1749.74	0.000e+00
1750.22	0.000e+00
1750.70	0.000e+00
1751.18	0.000e+00
1751.67	0.000e+00
1752.15	0.000e+00
1752.63	0.000e+00
1753.11	0.000e+00
1753.59	0.000e+00
1754.08	0.000e+00
1754.56	0.000e+00
1755.04	0.000e+00
1755.52	0.000e+00
1756.00	0.000e+00
1756.49	0.000e+00
1756.97	0.000e+00
1757.45	0.000e+00
1757.93	0.000e+00
1758.41	0.000e+00
1758.90	0.000e+00
1759.38	0.000e+00
1759.86	0.000e+00
1760.34	0.000e+00
1760.82	0.000e+00
1761.31	0.000e+00
1761.79	0.000e+00
1762.27	0.000e+00
1762.75	0.000e+00
1763.23	0.000e+00
1763.72	0.000e+00
1764.20	0.000e+00
1764.68	0.000e+00
1765.16	0.000e+00
1765.64	0.000e+00
1766.13	0.000e+00
1766.61	0.000e+00
1767.09	0.000e+00
1767.57	0.000e+00
1768.05	0.000e+00
1768.54	0.000e+00
1769.02	0.000e+00
1769.50	0.000e+00
1769.98	0.000e+00
1770.46	0.000e+00
1770.95	0.000e+00
1771.43	0.000e+00
1771.91	0.000e+00
1772.39	0.000e+00
1772.87	0.000e+00
1773.36	0.000e+00
1773.84	0.000e+00
1774.32	0.000e+00
1774.80	0.000e+00
1775.28	0.000e+00
1775.76	0.000e+00
1776.25	0.000e+00
1776.73	0.000e+00
1777.21	0.000e+00
1777.69	0.000e+00
1778.17	0.000e+00
1778.66	0.000e+00
1779.14	0.000e+00
1779.62	0.000e+00
1780.10	0.000e+00
1780.58	0.000e+00
1781.07	0.000e+00
1781.55	0.000e+00
1782.03	0.000e+00
1782.51	0.000e+00
1782.99	0.000e+00
1783.48	0.000e+00
1783.96	0.000e+00
1784.44	0.000e+00
1784.92	0.000e+00
1785.40	0.000e+00
1785.89	0.000e+00
1786.37	0.000e+00
1786.85	0.000e+00
1787.33	0.000e+00
1787.81	0.000e+00
1788.30	0.000e+00
1788.78	0.000e+00
1789.26	0.000e+00
1789.74	0.000e+00
1790.22	0.000e+00
1790.71	0.000e+00
1791.19	0.000e+00
1791.67	0.000e+00
1792.15	0.000e+00
1792.63	0.000e+00
1793.12	0.000e+00
1793.60	0.000e+00
1794.08	0.000e+00
1794.56	0.000e+00
1795.04	0.000e+00
1795.53	0.000e+00
1796.01	0.000e+00
1796.49	0.000e+00
1796.97	0.000e+00
1797.45	0.000e+00
1797.94	0.000e+00
1798.42	0.000e+00
1798.90	0.000e+00
1799.38	0.000e+00
1799.86	0.000e+00
1800.35	0.000e+00
1800.83	0.000e+00
1801.31	0.000e+00
1801.79	0.000e+00
1802.27	0.000e+00
1802.76	0.000e+00
1803.24	0.000e+00
1803.72	0.000e+00
1804.20	0.000e+00
1804.68	0.000e+00
1805.16	0.000e+00
1805.65	0.000e+00
1806.13	0.000e+00
1806.61	0.000e+00
1807.09	0.000e+00
1807.57	0.000e+00
1808.06	0.000e+00
1808.54	0.000e+00
1809.02	0.000e+00
1809.50	0.000e+00
1809.98	0.000e+00
1810.47	0.000e+00
1810.95	0.000e+00
1811.43	0.000e+00
1811.91	0.000e+00
1812.39	0.000e+00
1812.88	0.000e+00
1813.36	0.000e+00
1813.84	0.000e+00
1814.32	0.000e+00
1814.80	0.000e+00
1815.29	0.000e+00
1815.77	0.000e+00
1816.25	0.000e+00
1816.73	0.000e+00
1817.21	0.000e+00
1817.70	0.000e+00
1818.18	0.000e+00
1818.66	0.000e+00
1819.14	0.000e+00
1819.62	0.000e+00
1820.11	0.000e+00
1820.59	0.000e+00
1821.07	0.000e+00
1821.55	0.000e+00
1822.03	0.000e+00
1822.52	0.000e+00
1823.00	0.000e+00
1823.48	0.000e+00
1823.96	0.000e+00
1824.44	0.000e+00
1824.93	0.000e+00
1825.41	0.000e+00
1825.89	0.000e+00
1826.37	0.000e+00
1826.85	0.000e+00
1827.34	0.000e+00
1827.82	0.000e+00
1828.30	0.000e+00
1828.78	0.000e+00
1829.26	0.000e+00
1829.75	0.000e+00
1830.23	0.000e+00
1830.71	0.000e+00
1831.19	0.000e+00
1831.67	0.000e+00
1832.15	0.000e+00
1832.64	0.000e+00
1833.12	0.000e+00
1833.60	0.000e+00
1834.08	0.000e+00
1834.56	0.000e+00
1835.05	0.000e+00
1835.53	0.000e+00
1836.01	0.000e+00
1836.49	0.000e+00
1836.97	0.000e+00
1837.46	0.000e+00
1837.94	6.327e-16
1838.42	1.018e-15
1838.90	1.573e-15
1839.38	1.898e-15
1839.87	1.389e-15
1840.35	9.500e-16
1840.83	1.390e-15
1841.31	1.560e-15
1841.79	2.030e-15
1842.28	2.602e-15
1842.76	1.810e-15
1843.24	1.170e-15
1843.72	5.676e-16
1844.20	4.881e-16
1844.69	1.592e-15
1845.17	3.029e-15
1845.65	3.657e-15
1846.13	3.391e-15
1846.61	3.012e-15
1847.10	3.977e-15
1847.58	4.320e-15
1848.06	2.703e-15
1848.54	2.695e-15
1849.02	3.287e-15
1849.51	3.649e-15
1849.99	2.615e-15
1850.47	1.779e-15
1850.95	1.119e-15
1851.43	1.207e-16
1851.92	3.088e-16
1852.40	4.813e-16
1852.88	0.000e+00
1853.36	0.000e+00
1853.84	7.889e-16
1854.33	2.322e-16
1854.81	1.227e-15
1855.29	2.430e-15
1855.77	3.013e-15
1856.25	3.209e-15
1856.74	2.522e-15
1857.22	2.670e-15
1857.70	2.828e-15
1858.18	1.099e-15
1858.66	1.483e-16
1859.15	0.000e+00
1859.63	0.000e+00
1860.11	0.000e+00
1860.59	0.000e+00
1861.07	0.000e+00
1861.55	0.000e+00
1862.04	0.000e+00
1862.52	0.000e+00
1863.00	0.000e+00
1863.48	0.000e+00
1863.96	0.000e+00
1864.45	0.000e+00
1864.93	0.000e+00
1865.41	0.000e+00
1865.89	2.469e-17
1866.37	4.407e-17
1866.86	1.062e-15
1867.34	9.855e-16
1867.82	9.667e-16
1868.30	7.562e-16
1868.78	1.038e-15
1869.27	2.247e-15
1869.75	1.251e-15
1870.23	9.057e-16
1870.71	1.175e-15
1871.19	0.000e+00
1871.68	0.000e+00
1872.16	0.000e+00
1872.64	0.000e+00
1873.12	0.000e+00
1873.60	0.000e+00
1874.09	0.000e+00
1874.57	0.000e+00
1875.05	0.000e+00
1875.53	8.459e-16
1876.01	2.424e-17
1876.50	0.000e+00
1876.98	0.000e+00
1877.46	5.348e-16
1877.94	5.964e-17
1878.42	0.000e+00
1878.91	0.000e+00
1879.39	7.702e-17
1879.87	3.269e-16
1880.35	5.695e-17
1880.83	0.000e+00
1881.32	0.000e+00
1881.80	1.671e-15
1882.28	3.242e-15
1882.76	3.404e-15
1883.24	5.076e-15
1883.73	6.284e-15
1884.21	6.629e-15
1884.69	6.538e-15
1885.17	6.197e-15
1885.65	6.332e-15
1886.14	5.850e-15
1886.62	5.486e-15
1887.10	3.058e-15
1887.58	6.770e-16
1888.06	0.000e+00
1888.54	0.000e+00
1889.03	5.673e-18
1889.51	8.374e-16
1889.99	5.494e-16
1890.47	3.799e-16
1890.95	4.006e-16
1891.44	1.085e-15
1891.92	0.000e+00
1892.40	0.000e+00
1892.88	4.558e-16
1893.36	1.387e-15
1893.85	0.000e+00
1894.33	0.000e+00
1894.81	3.432e-16
1895.29	8.601e-16
1895.77	1.164e-16
1896.26	0.000e+00
1896.74	0.000e+00
1897.22	9.013e-16
1897.70	6.001e-16
1898.18	2.464e-17
1898.67	0.000e+00
1899.15	0.000e+00
1899.63	0.000e+00
1900.11	9.767e-16
1900.59	1.074e-15
1901.08	2.301e-16
1901.56	1.833e-16
1902.04	9.413e-16
1902.52	9.600e-16
1903.00	0.000e+00
1903.49	0.000e+00
1903.97	0.000e+00
1904.45	1.020e-16
1904.93	2.097e-15
1905.41	1.181e-15
1905.90	0.000e+00
1906.38	0.000e+00
1906.86	0.000e+00
1907.34	0.000e+00
1907.82	0.000e+00
1908.31	0.000e+00
1908.79	0.000e+00
1909.27	0.000e+00
1909.75	0.000e+00
1910.23	0.000e+00
1910.72	1.681e-16
1911.20	5.341e-16
1911.68	0.000e+00
1912.16	5.102e-16
1912.64	0.000e+00
1913.13	0.000e+00
1913.61	2.671e-16
1914.09	3.160e-16
1914.57	0.000e+00
1915.05	6.896e-16
1915.54	1.435e-15
1916.02	6.880e-16
1916.50	0.000e+00
1916.98	0.000e+00
1917.46	0.000e+00
1917.94	0.000e+00
1918.43	3.099e-16
1918.91	0.000e+00
1919.39	0.000e+00
1919.87	0.000e+00
1920.35	0.000e+00
1920.84	0.000e+00
1921.32	3.777e-16
1921.80	0.000e+00
1922.28	3.322e-16
1922.76	1.257e-16
1923.25	0.000e+00
1923.73	0.000e+00
1924.21	0.000e+00
1924.69	5.703e-16
1925.17	9.704e-16
1925.66	0.000e+00
1926.14	1.413e-17
1926.62	0.000e+00
1927.10	0.000e+00
1927.58	1.384e-15
1928.07	3.622e-15
1928.55	3.233e-15
1929.03	2.160e-15
1929.51	1.814e-15
1929.99	1.278e-15
1930.48	1.321e-15
1930.96	8.669e-16
1931.44	7.245e-16
1931.92	0.000e+00
1932.40	0.000e+00
1932.89	0.000e+00
1933.37	1.588e-16
1933.85	1.106e-15
1934.33	1.769e-15
1934.81	1.942e-15
1935.30	2.808e-15
1935.78	2.757e-15
1936.26	2.738e-15
1936.74	2.530e-15
1937.22	1.700e-15
1937.71	2.455e-15
1938.19	2.454e-15
1938.67	2.490e-15
1939.15	2.748e-15
1939.63	2.540e-15
1940.12	2.331e-15
1940.60	2.670e-15
1941.08	1.974e-15
1941.56	2.026e-15
1942.04	1.098e-15
1942.53	0.000e+00
1943.01	4.602e-16
1943.49	1.019e-15
1943.97	1.446e-15
1944.45	1.891e-15
1944.93	2.340e-15
1945.42	3.039e-15
1945.90	3.673e-15
1946.38	3.686e-15
1946.86	3.499e-15
1947.34	4.604e-15
1947.83	6.493e-15
1948.31	7.106e-15
1948.79	6.877e-15
1949.27	6.798e-15
1949.75	6.552e-15
1950.24	7.640e-15
1950.72	8.238e-15
1951.20	7.821e-15
1951.68	7.979e-15
1952.16	7.011e-15
1952.65	6.560e-15
1953.13	6.982e-15
1953.61	7.112e-15
1954.09	6.458e-15
1954.57	5.769e-15
1955.06	4.037e-15
1955.54	3.782e-15
1956.02	4.633e-15
1956.50	4.863e-15
1956.98	4.105e-15
1957.47	3.960e-15
1957.95	4.151e-15
1958.43	4.668e-15
1958.91	3.884e-15
1959.39	3.016e-15
1959.88	2.773e-15
1960.36	2.676e-15
1960.84	3.128e-15
1961.32	2.651e-15
1961.80	2.340e-15
1962.29	2.780e-15
1962.77	3.833e-15
1963.25	4.233e-15
1963.73	3.439e-15
1964.21	2.390e-15
1964.70	1.798e-15
1965.18	1.507e-15
1965.66	1.338e-15
1966.14	1.914e-15
1966.62	1.641e-15
1967.11	6.603e-16
1967.59	4.845e-16
1968.07	8.361e-17
1968.55	3.657e-16
1969.03	1.234e-15
1969.52	1.405e-15
1970.00	1.189e-15
1970.48	8.006e-16
1970.96	6.416e-16
1971.44	1.957e-16
1971.92	4.817e-16
1972.41	1.142e-15
1972.89	1.821e-15
1973.37	2.025e-15
1973.85	1.648e-15
1974.33	1.967e-15
1974.82	2.203e-15
1975.30	2.387e-15
1975.78	1.396e-15
1976.26	1.144e-15
1976.74	1.362e-15
1977.23	1.695e-15
1977.71	1.732e-15
1978.19	1.704e-15
1978.67	1.892e-15
1979.15	2.015e-15
1979.64	3.125e-15
1980.12	4.390e-15
1980.60	4.568e-15
1981.08	4.279e-15
1981.56	4.558e-15
1982.05	4.071e-15
1982.53	4.378e-15
1983.01	4.047e-15
1983.49	3.253e-15
1983.97	3.300e-15
1984.46	4.053e-15
1984.94	3.784e-15
1985.42	3.609e-15
1985.90	2.667e-15
1986.38	2.125e-15
1986.87	4.294e-15
1987.35	5.331e-15
1987.83	5.024e-15
1988.31	4.188e-15
1988.79	4.578e-15
1989.28	5.389e-15
1989.76	5.168e-15
1990.24	5.182e-15
1990.72	5.244e-15
1991.20	5.131e-15
1991.69	5.019e-15
1992.17	3.970e-15
1992.65	3.404e-15
1993.13	3.867e-15
1993.61	4.739e-15
1994.10	4.824e-15
1994.58	4.278e-15
1995.06	3.327e-15
1995.54	3.197e-15
1996.02	3.304e-15
1996.51	2.559e-15
1996.99	2.763e-15
1997.47	3.502e-15
1997.95	2.744e-15
1998.43	3.663e-15
1998.92	3.636e-15
1999.40	2.672e-15
1999.88	3.161e-15
2000.36	2.781e-15
2000.84	2.508e-15
2001.32	3.085e-15
2001.81	3.646e-15
2002.29	2.708e-15
2002.77	2.479e-15
2003.25	3.045e-15
2003.73	4.044e-15
2004.22	4.428e-15
2004.70	3.581e-15
2005.18	3.018e-15
2005.66	2.445e-15
2006.14	1.948e-15
2006.63	2.426e-15
2007.11	2.490e-15
2007.59	1.968e-15
2008.07	1.782e-15
2008.55	1.062e-15
2009.04	0.000e+00
2009.52	0.000e+00
2010.00	0.000e+00
2010.48	0.000e+00
2010.96	0.000e+00
2011.45	0.000e+00
2011.93	0.000e+00
2012.41	0.000e+00
2012.89	0.000e+00
2013.37	0.000e+00
2013.86	0.000e+00
2014.34	0.000e+00
2014.82	0.000e+00
2015.30	0.000e+00
2015.78	0.000e+00
2016.27	0.000e+00
2016.75	0.000e+00
2017.23	0.000e+00
2017.71	0.000e+00
2018.19	0.000e+00
2018.68	0.000e+00
2019.16	0.000e+00
2019.64	0.000e+00
2020.12	0.000e+00
2020.60	0.000e+00
2021.09	0.000e+00
2021.57	0.000e+00
2022.05	0.000e+00
2022.53	0.000e+00
2023.01	0.000e+00
2023.50	0.000e+00
2023.98	0.000e+00
2024.46	0.000e+00
2024.94	0.000e+00
2025.42	0.000e+00
2025.91	0.000e+00
2026.39	0.000e+00
2026.87	0.000e+00
2027.35	0.000e+00
2027.83	0.000e+00
2028.31	0.000e+00
2028.80	0.000e+00
2029.28	0.000e+00
2029.76	0.000e+00
2030.24	0.000e+00
2030.72	9.512e-17
2031.21	3.218e-16
2031.69	9.661e-16
2032.17	1.282e-15
2032.65	1.423e-15
2033.13	1.296e-15
2033.62	1.853e-15
2034.10	2.217e-15
2034.58	2.667e-15
2035.06	3.414e-15
2035.54	3.404e-15
2036.03	2.893e-15
2036.51	2.594e-15
2036.99	2.488e-15
2037.47	2.510e-15
2037.95	3.019e-15
2038.44	2.905e-15
2038.92	2.458e-15
2039.40	1.695e-15
2039.88	0.000e+00
2040.36	0.000e+00
2040.85	0.000e+00
2041.33	0.000e+00
2041.81	0.000e+00
2042.29	0.000e+00
2042.77	0.000e+00
2043.26	0.000e+00
2043.74	0.000e+00
2044.22	0.000e+00
2044.70	0.000e+00
2045.18	0.000e+00
2045.67	0.000e+00
2046.15	0.000e+00
2046.63	0.000e+00
2047.11	0.000e+00
2047.59	0.000e+00
2048.08	0.000e+00
2048.56	0.000e+00
2049.04	0.000e+00
2049.52	0.000e+00
2050.00	0.000e+00
2050.49	0.000e+00
2050.97	0.000e+00
2051.45	0.000e+00
2051.93	1.688e-15
2052.41	2.099e-15
2052.90	1.857e-15
2053.38	2.817e-15
2053.86	3.485e-15
2054.34	3.768e-15
2054.82	4.236e-15
2055.31	4.327e-15
2055.79	3.984e-15
2056.27	4.460e-15
2056.75	5.331e-15
2057.23	4.956e-15
2057.71	4.875e-15
2058.20	5.405e-15
2058.68	5.332e-15
2059.16	5.516e-15
2059.64	5.896e-15
2060.12	5.719e-15
2060.61	5.231e-15
2061.09	5.273e-15
2061.57	5.595e-15
2062.05	5.536e-15
2062.53	4.725e-15
2063.02	4.243e-15
2063.50	4.108e-15
2063.98	4.201e-15
2064.46	4.462e-15
2064.94	5.034e-15
2065.43	5.361e-15
2065.91	6.015e-15
2066.39	6.257e-15
2066.87	6.170e-15
2067.35	6.244e-15
2067.84	5.449e-15
2068.32	4.950e-15
2068.80	4.715e-15
2069.28	4.655e-15
2069.76	3.517e-15
2070.25	2.318e-15
2070.73	1.516e-15
2071.21	1.418e-15
2071.69	1.646e-15
2072.17	1.249e-15
2072.66	3.861e-16
2073.14	6.296e-16
2073.62	5.387e-16
2074.10	1.393e-15
2074.58	2.137e-15
2075.07	2.339e-15
2075.55	2.592e-15
2076.03	3.027e-15
2076.51	3.735e-15
2076.99	5.025e-15
2077.48	5.622e-15
2077.96	5.364e-15
2078.44	6.014e-15
2078.92	5.632e-15
2079.40	4.704e-15
2079.89	4.303e-15
2080.37	3.986e-15
2080.85	2.947e-15
2081.33	1.108e-15
2081.81	9.741e-16
2082.30	1.597e-15
2082.78	1.908e-15
2083.26	2.143e-15
2083.74	1.639e-15
2084.22	1.471e-15
2084.70	1.887e-15
2085.19	2.601e-15
2085.67	2.874e-15
2086.15	2.654e-15
2086.63	2.234e-15
2087.11	2.119e-15
2087.60	2.176e-15
2088.08	2.219e-15
2088.56	2.598e-15
2089.04	2.718e-15
2089.52	2.051e-15
2090.01	1.070e-15
2090.49	1.176e-15
2090.97	1.448e-15
2091.45	1.240e-15
2091.93	1.122e-15
2092.42	1.100e-15
2092.90	8.734e-16
2093.38	6.743e-16
2093.86	1.970e-15
2094.34	2.917e-15
2094.83	2.949e-15
2095.31	2.065e-15
2095.79	1.549e-15
2096.27	1.998e-15
2096.75	1.685e-15
2097.24	1.676e-15
2097.72	2.847e-15
2098.20	2.884e-15
2098.68	1.487e-15
2099.16	1.631e-15
2099.65	1.337e-15
2100.13	1.455e-15
2100.61	1.532e-15
2101.09	1.096e-15
2101.57	1.258e-15
2102.06	1.403e-15
2102.54	1.438e-15
2103.02	1.462e-15
2103.50	2.107e-15
2103.98	2.447e-15
2104.47	2.367e-15
2104.95	2.961e-15
2105.43	3.546e-15
2105.91	3.613e-15
2106.39	2.699e-15
2106.88	2.150e-15
2107.36	2.387e-15
2107.84	2.097e-15
2108.32	1.803e-15
2108.80	2.052e-15
2109.29	2.399e-15
2109.77	1.883e-15
2110.25	1.378e-15
2110.73	1.244e-15
2111.21	1.508e-15
2111.70	1.967e-15
2112.18	2.145e-15
2112.66	2.346e-15
2113.14	2.656e-15
2113.62	2.190e-15
2114.10	2.045e-15
2114.59	1.653e-15
2115.07	1.120e-15
2115.55	3.252e-16
2116.03	0.000e+00
2116.51	0.000e+00
2117.00	0.000e+00
2117.48	0.000e+00
2117.96	0.000e+00
2118.44	0.000e+00
2118.92	0.000e+00
2119.41	0.000e+00
2119.89	0.000e+00
2120.37	0.000e+00
2120.85	0.000e+00
2121.33	0.000e+00
2121.82	0.000e+00
2122.30	0.000e+00
2122.78	0.000e+00
2123.26	0.000e+00
2123.74	0.000e+00
2124.23	0.000e+00
2124.71	0.000e+00
2125.19	0.000e+00
2125.67	0.000e+00
2126.15	0.000e+00
2126.64	0.000e+00
2127.12	0.000e+00
2127.60	0.000e+00
2128.08	0.000e+00
2128.56	0.000e+00
2129.05	0.000e+00
2129.53	0.000e+00
2130.01	0.000e+00
2130.49	0.000e+00
2130.97	0.000e+00
2131.46	0.000e+00
2131.94	0.000e+00
2132.42	0.000e+00
2132.90	0.000e+00
2133.38	0.000e+00
2133.87	0.000e+00
2134.35	0.000e+00
2134.83	0.000e+00
2135.31	0.000e+00
2135.79	0.000e+00
2136.28	0.000e+00
2136.76	0.000e+00
2137.24	0.000e+00
2137.72	0.000e+00
2138.20	0.000e+00
2138.69	0.000e+00
2139.17	0.000e+00
2139.65	0.000e+00
2140.13	0.000e+00
2140.61	0.000e+00
2141.09	0.000e+00
2141.58	0.000e+00
2142.06	0.000e+00
2142.54	0.000e+00
2143.02	0.000e+00
2143.50	0.000e+00
2143.99	0.000e+00
2144.47	0.000e+00
2144.95	0.000e+00
2145.43	0.000e+00
2145.91	0.000e+00
2146.40	0.000e+00
2146.88	0.000e+00
2147.36	0.000e+00
2147.84	0.000e+00
2148.32	0.000e+00
2148.81	0.000e+00
2149.29	0.000e+00
2149.77	0.000e+00
2150.25	0.000e+00
2150.73	0.000e+00
2151.22	0.000e+00
2151.70	0.000e+00
2152.18	0.000e+00
2152.66	0.000e+00
2153.14	0.000e+00
2153.63	0.000e+00
2154.11	0.000e+00
2154.59	0.000e+00
2155.07	0.000e+00
2155.55	0.000e+00
2156.04	0.000e+00
2156.52	0.000e+00
2157.00	0.000e+00
2157.48	0.000e+00
2157.96	0.000e+00
2158.45	0.000e+00
2158.93	0.000e+00
2159.41	0.000e+00
2159.89	0.000e+00
2160.37	0.000e+00
2160.86	0.000e+00
2161.34	0.000e+00
2161.82	0.000e+00
2162.30	0.000e+00
2162.78	0.000e+00
2163.27	0.000e+00
2163.75	2.635e-16
2164.23	4.568e-16
2164.71	8.200e-16
2165.19	1.583e-15
2165.68	1.739e-15
2166.16	1.218e-15
2166.64	1.672e-15
2167.12	2.194e-15
2167.60	2.018e-15
2168.08	2.288e-15
2168.57	2.682e-15
2169.05	2.603e-15
2169.53	2.310e-15
2170.01	2.145e-15
2170.49	2.030e-15
2170.98	2.616e-15
2171.46	3.312e-15
2171.94	3.387e-15
2172.42	3.213e-15
2172.90	2.674e-15
2173.39	2.515e-15
2173.87	2.009e-15
2174.35	1.447e-15
2174.83	1.187e-15
2175.31	9.600e-16
2175.80	9.980e-16
2176.28	7.596e-16
2176.76	2.990e-16
2177.24	5.725e-16
2177.72	7.886e-16
2178.21	4.418e-16
2178.69	3.945e-16
2179.17	9.041e-16
2179.65	6.066e-17
2180.13	0.000e+00
2180.62	0.000e+00
2181.10	0.000e+00
2181.58	0.000e+00
2182.06	0.000e+00
2182.54	0.000e+00
2183.03	0.000e+00
2183.51	0.000e+00
2183.99	6.432e-16
2184.47	9.820e-16
2184.95	9.624e-16
2185.44	1.450e-15
2185.92	1.614e-15
2186.40	1.085e-15
2186.88	7.341e-16
2187.36	4.724e-16
2187.85	3.979e-16
2188.33	4.469e-16
2188.81	4.925e-17
2189.29	0.000e+00
2189.77	0.000e+00
2190.26	0.000e+00
2190.74	6.148e-16
2191.22	5.508e-16
2191.70	0.000e+00
2192.18	0.000e+00
2192.67	0.000e+00
2193.15	0.000e+00
2193.63	0.000e+00
2194.11	0.000e+00
2194.59	0.000e+00
2195.08	0.000e+00
2195.56	0.000e+00
2196.04	0.000e+00
2196.52	0.000e+00
2197.00	0.000e+00
2197.48	0.000e+00
2197.97	0.000e+00
2198.45	0.000e+00
2198.93	0.000e+00
2199.41	0.000e+00
2199.89	0.000e+00
2200.38	0.000e+00
2200.86	0.000e+00
2201.34	0.000e+00
2201.82	0.000e+00
2202.30	0.000e+00
2202.79	0.000e+00
2203.27	0.000e+00
2203.75	0.000e+00
2204.23	0.000e+00
2204.71	0.000e+00
2205.20	0.000e+00
2205.68	0.000e+00
2206.16	0.000e+00
2206.64	0.000e+00
2207.12	0.000e+00
2207.61	0.000e+00
2208.09	0.000e+00
2208.57	0.000e+00
2209.05	0.000e+00
2209.53	0.000e+00
2210.02	0.000e+00
2210.50	0.000e+00
2210.98	0.000e+00
2211.46	0.000e+00
2211.94	0.000e+00
2212.43	0.000e+00
2212.91	0.000e+00
2213.39	0.000e+00
2213.87	0.000e+00
2214.35	0.000e+00
2214.84	0.000e+00
2215.32	0.000e+00
2215.80	0.000e+00
2216.28	0.000e+00
2216.76	0.000e+00
2217.25	0.000e+00
2217.73	0.000e+00
2218.21	0.000e+00
2218.69	0.000e+00
2219.17	0.000e+00
2219.66	0.000e+00
2220.14	0.000e+00
2220.62	0.000e+00
2221.10	0.000e+00
2221.58	0.000e+00
2222.07	0.000e+00
2222.55	0.000e+00
2223.03	0.000e+00
2223.51	0.000e+00
2223.99	0.000e+00
2224.47	0.000e+00
2224.96	0.000e+00
2225.44	0.000e+00
2225.92	0.000e+00
2226.40	0.000e+00
2226.88	0.000e+00
2227.37	0.000e+00
2227.85	0.000e+00
2228.33	0.000e+00
2228.81	0.000e+00
2229.29	0.000e+00
2229.78	0.000e+00
2230.26	0.000e+00
2230.74	0.000e+00
2231.22	0.000e+00
2231.70	0.000e+00
2232.19	0.000e+00
2232.67	0.000e+00
2233.15	0.000e+00
2233.63	0.000e+00
2234.11	0.000e+00
2234.60	0.000e+00
2235.08	0.000e+00
2235.56	0.000e+00
2236.04	0.000e+00
2236.52	0.000e+00
2237.01	0.000e+00
2237.49	0.000e+00
2237.97	0.000e+00
2238.45	0.000e+00
2238.93	0.000e+00
2239.42	0.000e+00
2239.90	0.000e+00
2240.38	0.000e+00
2240.86	0.000e+00
2241.34	0.000e+00
2241.83	0.000e+00
2242.31	0.000e+00
2242.79	0.000e+00
2243.27	0.000e+00
2243.75	0.000e+00
2244.24	0.000e+00
2244.72	0.000e+00
2245.20	0.000e+00
2245.68	0.000e+00
2246.16	0.000e+00
2246.65	0.000e+00
2247.13	0.000e+00
2247.61	0.000e+00
2248.09	0.000e+00
2248.57	0.000e+00
2249.06	0.000e+00
2249.54	0.000e+00
2250.02	0.000e+00
2250.50	0.000e+00
2250.98	0.000e+00
2251.47	0.000e+00
2251.95	0.000e+00
2252.43	0.000e+00
2252.91	0.000e+00
2253.39	0.000e+00
2253.87	0.000e+00
2254.36	0.000e+00
2254.84	0.000e+00
2255.32	0.000e+00
2255.80	0.000e+00
2256.28	0.000e+00
2256.77	0.000e+00
2257.25	0.000e+00
2257.73	0.000e+00
2258.21	0.000e+00
2258.69	0.000e+00
2259.18	0.000e+00
2259.66	0.000e+00
2260.14	0.000e+00
2260.62	0.000e+00
2261.10	0.000e+00
2261.59	0.000e+00
2262.07	0.000e+00
2262.55	0.000e+00
2263.03	0.000e+00
2263.51	0.000e+00
2264.00	0.000e+00
2264.48	0.000e+00
2264.96	0.000e+00
2265.44	0.000e+00
2265.92	0.000e+00
2266.41	0.000e+00
2266.89	0.000e+00
2267.37	0.000e+00
2267.85	0.000e+00
2268.33	0.000e+00
2268.82	0.000e+00
2269.30	0.000e+00
2269.78	0.000e+00
2270.26	0.000e+00
2270.74	0.000e+00
2271.23	0.000e+00
2271.71	0.000e+00
2272.19	0.000e+00
2272.67	0.000e+00
2273.15	0.000e+00
2273.64	0.000e+00
2274.12	0.000e+00
2274.60	0.000e+00
2275.08	0.000e+00
2275.56	0.000e+00
2276.05	0.000e+00
2276.53	0.000e+00
2277.01	0.000e+00
2277.49	0.000e+00
2277.97	0.000e+00
2278.46	0.000e+00
2278.94	0.000e+00
2279.42	0.000e+00
2279.90	0.000e+00
2280.38	0.000e+00
2280.86	0.000e+00
2281.35	0.000e+00
2281.83	0.000e+00
2282.31	0.000e+00
2282.79	0.000e+00
2283.27	0.000e+00
2283.76	0.000e+00
2284.24	0.000e+00
2284.72	0.000e+00
2285.20	0.000e+00
2285.68	0.000e+00
2286.17	0.000e+00
2286.65	0.000e+00
2287.13	0.000e+00
2287.61	0.000e+00
2288.09	0.000e+00
2288.58	0.000e+00
2289.06	0.000e+00
2289.54	0.000e+00
2290.02	0.000e+00
2290.50	0.000e+00
2290.99	0.000e+00
2291.47	0.000e+00
2291.95	0.000e+00
2292.43	0.000e+00
2292.91	0.000e+00
2293.40	0.000e+00
2293.88	0.000e+00
2294.36	0.000e+00
2294.84	0.000e+00
2295.32	0.000e+00
2295.81	0.000e+00
2296.29	0.000e+00
2296.77	0.000e+00
2297.25	0.000e+00
2297.73	0.000e+00
2298.22	0.000e+00
2298.70	0.000e+00
2299.18	0.000e+00
2299.66	0.000e+00
2300.14	0.000e+00
2300.63	0.000e+00
2301.11	0.000e+00
2301.59	0.000e+00
2302.07	0.000e+00
2302.55	0.000e+00
2303.04	0.000e+00
2303.52	0.000e+00
2304.00	0.000e+00
2304.48	0.000e+00
2304.96	0.000e+00
2305.45	0.000e+00
2305.93	0.000e+00
2306.41	0.000e+00
2306.89	0.000e+00
2307.37	0.000e+00
2307.86	0.000e+00
2308.34	0.000e+00
2308.82	0.000e+00
2309.30	0.000e+00
2309.78	0.000e+00
2310.26	0.000e+00
2310.75	0.000e+00
2311.23	0.000e+00
2311.71	0.000e+00
2312.19	0.000e+00
2312.67	0.000e+00
2313.16	0.000e+00
2313.64	0.000e+00
2314.12	0.000e+00
2314.60	0.000e+00
2315.08	0.000e+00
2315.57	0.000e+00
2316.05	0.000e+00
2316.53	0.000e+00
2317.01	0.000e+00
2317.49	0.000e+00
2317.98	0.000e+00
2318.46	0.000e+00
2318.94	0.000e+00
2319.42	0.000e+00
2319.90	0.000e+00
2320.39	0.000e+00
2320.87	0.000e+00
2321.35	0.000e+00
2321.83	0.000e+00
2322.31	0.000e+00
2322.80	0.000e+00
2323.28	0.000e+00
2323.76	0.000e+00
2324.24	0.000e+00
2324.72	0.000e+00
2325.21	0.000e+00
2325.69	0.000e+00
2326.17	0.000e+00
2326.65	0.000e+00
2327.13	0.000e+00
2327.62	0.000e+00
2328.10	0.000e+00
2328.58	0.000e+00
2329.06	0.000e+00
2329.54	0.000e+00
2330.03	0.000e+00
2330.51	0.000e+00
2330.99	0.000e+00
2331.47	0.000e+00
2331.95	0.000e+00
2332.44	0.000e+00
2332.92	0.000e+00
2333.40	0.000e+00
2333.88	0.000e+00
2334.36	0.000e+00
2334.85	0.000e+00
2335.33	0.000e+00
2335.81	0.000e+00
2336.29	0.000e+00
2336.77	0.000e+00
2337.25	0.000e+00
2337.74	0.000e+00
2338.22	0.000e+00
2338.70	0.000e+00
2339.18	0.000e+00
2339.66	0.000e+00
2340.15	0.000e+00
2340.63	0.000e+00
2341.11	0.000e+00
2341.59	0.000e+00
2342.07	0.000e+00
2342.56	0.000e+00
2343.04	0.000e+00
2343.52	0.000e+00
2344.00	0.000e+00
2344.48	0.000e+00
2344.97	0.000e+00
2345.45	0.000e+00
2345.93	0.000e+00
2346.41	0.000e+00
2346.89	0.000e+00
2347.38	0.000e+00
2347.86	0.000e+00
2348.34	0.000e+00
2348.82	0.000e+00
2349.30	0.000e+00
2349.79	0.000e+00
2350.27	0.000e+00
2350.75	0.000e+00
2351.23	0.000e+00
2351.71	0.000e+00
2352.20	0.000e+00
2352.68	0.000e+00
2353.16	0.000e+00
2353.64	0.000e+00
2354.12	0.000e+00
2354.61	0.000e+00
2355.09	0.000e+00
2355.57	0.000e+00
2356.05	0.000e+00
2356.53	0.000e+00
2357.02	0.000e+00
2357.50	0.000e+00
2357.98	0.000e+00
2358.46	0.000e+00
2358.94	0.000e+00
2359.43	0.000e+00
2359.91	0.000e+00
2360.39	0.000e+00
2360.87	0.000e+00
2361.35	0.000e+00
2361.84	0.000e+00
2362.32	0.000e+00
2362.80	0.000e+00
2363.28	0.000e+00
2363.76	0.000e+00
2364.24	0.000e+00
2364.73	0.000e+00
2365.21	0.000e+00
2365.69	0.000e+00
2366.17	0.000e+00
2366.65	0.000e+00
2367.14	0.000e+00
2367.62	0.000e+00
2368.10	0.000e+00
2368.58	0.000e+00
2369.06	0.000e+00
2369.55	0.000e+00
2370.03	0.000e+00
2370.51	0.000e+00
2370.99	0.000e+00
2371.47	0.000e+00
2371.96	0.000e+00
2372.44	0.000e+00
2372.92	0.000e+00
2373.40	0.000e+00
2373.88	0.000e+00
2374.37	0.000e+00
2374.85	0.000e+00
2375.33	0.000e+00
2375.81	0.000e+00
2376.29	0.000e+00
2376.78	0.000e+00
2377.26	0.000e+00
2377.74	0.000e+00
2378.22	0.000e+00
2378.70	0.000e+00
2379.19	0.000e+00
2379.67	0.000e+00
2380.15	0.000e+00
2380.63	0.000e+00
2381.11	0.000e+00
2381.60	0.000e+00
2382.08	0.000e+00
2382.56	0.000e+00
2383.04	0.000e+00
2383.52	0.000e+00
2384.01	0.000e+00
2384.49	0.000e+00
2384.97	0.000e+00
2385.45	0.000e+00
2385.93	0.000e+00
2386.42	0.000e+00
2386.90	0.000e+00
2387.38	0.000e+00
2387.86	0.000e+00
2388.34	0.000e+00
2388.83	0.000e+00
2389.31	0.000e+00
2389.79	0.000e+00
2390.27	0.000e+00
2390.75	0.000e+00
2391.24	0.000e+00
2391.72	0.000e+00
2392.20	0.000e+00
2392.68	0.000e+00
2393.16	0.000e+00
2393.64	0.000e+00
2394.13	0.000e+00
2394.61	0.000e+00
2395.09	0.000e+00
2395.57	0.000e+00
2396.05	0.000e+00
2396.54	0.000e+00
2397.02	0.000e+00
2397.50	0.000e+00
2397.98	0.000e+00
2398.46	0.000e+00
2398.95	0.000e+00
2399.43	0.000e+00
2399.91	0.000e+00
2400.39	0.000e+00
2400.87	0.000e+00
2401.36	0.000e+00
2401.84	0.000e+00
2402.32	0.000e+00
2402.80	0.000e+00
2403.28	0.000e+00
2403.77	0.000e+00
2404.25	0.000e+00
2404.73	0.000e+00
2405.21	0.000e+00
2405.69	0.000e+00
2406.18	0.000e+00
2406.66	0.000e+00
2407.14	0.000e+00
2407.62	0.000e+00
2408.10	0.000e+00
2408.59	0.000e+00
2409.07	0.000e+00
2409.55	0.000e+00
2410.03	0.000e+00
2410.51	0.000e+00
2411.00	0.000e+00
2411.48	0.000e+00
2411.96	0.000e+00
2412.44	0.000e+00
2412.92	0.000e+00
2413.41	0.000e+00
2413.89	0.000e+00
2414.37	0.000e+00
2414.85	0.000e+00
2415.33	0.000e+00
2415.82	0.000e+00
2416.30	0.000e+00
2416.78	0.000e+00
2417.26	0.000e+00
2417.74	0.000e+00
2418.23	0.000e+00
2418.71	0.000e+00
2419.19	0.000e+00
2419.67	0.000e+00
2420.15	0.000e+00
2420.63	0.000e+00
2421.12	0.000e+00
2421.60	0.000e+00
2422.08	0.000e+00
2422.56	0.000e+00
2423.04	0.000e+00
2423.53	0.000e+00
2424.01	0.000e+00
2424.49	0.000e+00
2424.97	0.000e+00
2425.45	0.000e+00
2425.94	0.000e+00
2426.42	0.000e+00
2426.90	0.000e+00
2427.38	0.000e+00
2427.86	0.000e+00
2428.35	0.000e+00
2428.83	0.000e+00
2429.31	0.000e+00
2429.79	0.000e+00
2430.27	0.000e+00
2430.76	0.000e+00
2431.24	0.000e+00
2431.72	0.000e+00
2432.20	0.000e+00
2432.68	0.000e+00
2433.17	0.000e+00
2433.65	0.000e+00
2434.13	0.000e+00
2434.61	0.000e+00
2435.09	0.000e+00
2435.58	0.000e+00
2436.06	0.000e+00
2436.54	0.000e+00
2437.02	0.000e+00
2437.50	0.000e+00
2437.99	0.000e+00
2438.47	0.000e+00
2438.95	0.000e+00
2439.43	0.000e+00
2439.91	0.000e+00
2440.40	0.000e+00
2440.88	0.000e+00
2441.36	0.000e+00
2441.84	0.000e+00
2442.32	0.000e+00
2442.81	0.000e+00
2443.29	0.000e+00
2443.77	0.000e+00
2444.25	0.000e+00
2444.73	0.000e+00
2445.22	0.000e+00
2445.70	0.000e+00
2446.18	0.000e+00
2446.66	0.000e+00
2447.14	0.000e+00
2447.63	0.000e+00
2448.11	0.000e+00
2448.59	0.000e+00
2449.07	0.000e+00
2449.55	0.000e+00
2450.03	0.000e+00
2450.52	0.000e+00
2451.00	0.000e+00
2451.48	0.000e+00
2451.96	0.000e+00
2452.44	0.000e+00
2452.93	0.000e+00
2453.41	0.000e+00
2453.89	0.000e+00
2454.37	0.000e+00
2454.85	0.000e+00
2455.34	0.000e+00
2455.82	0.000e+00
2456.30	0.000e+00
2456.78	0.000e+00
2457.26	0.000e+00
2457.75	0.000e+00
2458.23	0.000e+00
2458.71	0.000e+00
2459.19	0.000e+00
2459.67	0.000e+00
2460.16	0.000e+00
2460.64	0.000e+00
2461.12	0.000e+00
2461.60	0.000e+00
2462.08	0.000e+00
2462.57	0.000e+00
2463.05	0.000e+00
2463.53	0.000e+00
2464.01	0.000e+00
2464.49	0.000e+00
2464.98	0.000e+00
2465.46	0.000e+00
2465.94	0.000e+00
2466.42	0.000e+00
2466.90	0.000e+00
2467.39	0.000e+00
2467.87	0.000e+00
2468.35	0.000e+00
2468.83	0.000e+00
2469.31	0.000e+00
2469.80	0.000e+00
2470.28	0.000e+00
2470.76	0.000e+00
2471.24	0.000e+00
2471.72	0.000e+00
2472.21	0.000e+00
2472.69	0.000e+00
2473.17	0.000e+00
2473.65	0.000e+00
2474.13	0.000e+00
2474.62	0.000e+00
2475.10	0.000e+00
2475.58	0.000e+00
2476.06	0.000e+00
2476.54	0.000e+00
2477.02	0.000e+00
2477.51	0.000e+00
2477.99	0.000e+00
2478.47	0.000e+00
2478.95	0.000e+00
2479.43	0.000e+00
2479.92	0.000e+00
2480.40	0.000e+00
2480.88	0.000e+00
2481.36	0.000e+00
2481.84	0.000e+00
2482.33	0.000e+00
2482.81	0.000e+00
2483.29	0.000e+00
2483.77	0.000e+00
2484.25	0.000e+00
2484.74	0.000e+00
2485.22	0.000e+00
2485.70	0.000e+00
2486.18	0.000e+00
2486.66	0.000e+00
2487.15	0.000e+00
2487.63	0.000e+00
2488.11	0.000e+00
2488.59	0.000e+00
2489.07	0.000e+00
2489.56	0.000e+00
2490.04	0.000e+00
2490.52	0.000e+00
2491.00	0.000e+00
2491.48	0.000e+00
2491.97	0.000e+00
2492.45	0.000e+00
2492.93	0.000e+00
2493.41	0.000e+00
2493.89	0.000e+00
2494.38	0.000e+00
2494.86	0.000e+00
2495.34	0.000e+00
2495.82	0.000e+00
2496.30	0.000e+00
2496.79	0.000e+00
2497.27	0.000e+00
2497.75	0.000e+00
2498.23	0.000e+00
2498.71	0.000e+00
2499.20	0.000e+00
2499.68	0.000e+00
2500.16	0.000e+00
2500.64	0.000e+00
2501.12	0.000e+00
2501.61	0.000e+00
2502.09	0.000e+00
2502.57	0.000e+00
2503.05	0.000e+00
2503.53	0.000e+00
2504.02	0.000e+00
2504.50	0.000e+00
2504.98	0.000e+00
2505.46	0.000e+00
2505.94	0.000e+00
2506.42	0.000e+00
2506.91	0.000e+00
2507.39	0.000e+00
2507.87	0.000e+00
2508.35	0.000e+00
2508.83	0.000e+00
2509.32	0.000e+00
2509.80	0.000e+00
2510.28	0.000e+00
2510.76	0.000e+00
2511.24	0.000e+00
2511.73	0.000e+00
2512.21	0.000e+00
2512.69	0.000e+00
2513.17	0.000e+00
2513.65	0.000e+00
2514.14	0.000e+00
2514.62	0.000e+00
2515.10	0.000e+00
2515.58	0.000e+00
2516.06	0.000e+00
2516.55	0.000e+00
2517.03	0.000e+00
2517.51	0.000e+00
2517.99	0.000e+00
2518.47	0.000e+00
2518.96	0.000e+00
2519.44	0.000e+00
2519.92	0.000e+00
2520.40	0.000e+00
2520.88	0.000e+00
2521.37	0.000e+00
2521.85	0.000e+00
2522.33	0.000e+00
2522.81	0.000e+00
2523.29	0.000e+00
2523.78	0.000e+00
2524.26	0.000e+00
2524.74	0.000e+00
2525.22	0.000e+00
2525.70	0.000e+00
2526.19	0.000e+00
2526.67	0.000e+00
2527.15	0.000e+00
2527.63	0.000e+00
2528.11	0.000e+00
2528.60	0.000e+00
2529.08	0.000e+00
2529.56	0.000e+00
2530.04	0.000e+00
2530.52	0.000e+00
2531.01	0.000e+00
2531.49	0.000e+00
2531.97	0.000e+00
2532.45	0.000e+00
2532.93	0.000e+00
2533.41	0.000e+00
2533.90	0.000e+00
2534.38	0.000e+00
2534.86	0.000e+00
2535.34	0.000e+00
2535.82	0.000e+00
2536.31	0.000e+00
2536.79	0.000e+00
2537.27	0.000e+00
2537.75	0.000e+00
2538.23	0.000e+00
2538.72	0.000e+00
2539.20	0.000e+00
2539.68	0.000e+00
2540.16	0.000e+00
2540.64	0.000e+00
2541.13	0.000e+00
2541.61	0.000e+00
2542.09	0.000e+00
2542.57	0.000e+00
2543.05	0.000e+00
2543.54	0.000e+00
2544.02	0.000e+00
2544.50	0.000e+00
2544.98	0.000e+00
2545.46	0.000e+00
2545.95	0.000e+00
2546.43	0.000e+00
2546.91	0.000e+00
2547.39	0.000e+00
2547.87	0.000e+00
2548.36	0.000e+00
2548.84	0.000e+00
2549.32	0.000e+00
2549.80	0.000e+00
2550.28	0.000e+00
2550.77	0.000e+00
2551.25	0.000e+00
2551.73	0.000e+00
2552.21	0.000e+00
2552.69	0.000e+00
2553.18	0.000e+00
2553.66	0.000e+00
2554.14	0.000e+00
2554.62	0.000e+00
2555.10	0.000e+00
2555.59	0.000e+00
2556.07	0.000e+00
2556.55	0.000e+00
2557.03	0.000e+00
2557.51	0.000e+00
2558.00	0.000e+00
2558.48	0.000e+00
2558.96	0.000e+00
2559.44	0.000e+00
2559.92	0.000e+00
2560.40	0.000e+00
2560.89	0.000e+00
2561.37	0.000e+00
2561.85	0.000e+00
2562.33	0.000e+00
2562.81	0.000e+00
2563.30	0.000e+00
2563.78	0.000e+00
2564.26	0.000e+00
2564.74	0.000e+00
2565.22	0.000e+00
2565.71	0.000e+00
2566.19	0.000e+00
2566.67	0.000e+00
2567.15	0.000e+00
2567.63	0.000e+00
2568.12	0.000e+00
2568.60	0.000e+00
2569.08	0.000e+00
2569.56	0.000e+00
2570.04	0.000e+00
2570.53	0.000e+00
2571.01	0.000e+00
2571.49	0.000e+00
2571.97	0.000e+00
2572.45	0.000e+00
2572.94	0.000e+00
2573.42	0.000e+00
2573.90	0.000e+00
2574.38	0.000e+00
2574.86	0.000e+00
2575.35	0.000e+00
2575.83	0.000e+00
2576.31	0.000e+00
2576.79	0.000e+00
2577.27	0.000e+00
2577.76	0.000e+00
2578.24	0.000e+00
2578.72	0.000e+00
2579.20	0.000e+00
2579.68	0.000e+00
2580.17	0.000e+00
2580.65	0.000e+00
2581.13	0.000e+00
2581.61	0.000e+00
2582.09	0.000e+00
2582.58	0.000e+00
2583.06	0.000e+00
2583.54	0.000e+00
2584.02	0.000e+00
2584.50	0.000e+00
2584.99	0.000e+00
2585.47	0.000e+00
2585.95	0.000e+00
2586.43	0.000e+00
2586.91	0.000e+00
2587.40	0.000e+00
2587.88	0.000e+00
2588.36	0.000e+00
2588.84	0.000e+00
2589.32	0.000e+00
2589.80	0.000e+00
2590.29	0.000e+00
2590.77	0.000e+00
2591.25	0.000e+00
2591.73	0.000e+00
2592.21	0.000e+00
2592.70	0.000e+00
2593.18	0.000e+00
2593.66	0.000e+00
2594.14	0.000e+00
2594.62	0.000e+00
2595.11	0.000e+00
2595.59	0.000e+00
2596.07	0.000e+00
2596.55	0.000e+00
2597.03	0.000e+00
2597.52	0.000e+00
2598.00	0.000e+00
2598.48	0.000e+00
2598.96	0.000e+00
2599.44	0.000e+00
2599.93	0.000e+00
2600.41	0.000e+00
2600.89	0.000e+00
2601.37	0.000e+00
2601.85	0.000e+00
2602.34	0.000e+00
2602.82	0.000e+00
2603.30	0.000e+00
2603.78	0.000e+00
2604.26	0.000e+00
2604.75	0.000e+00
2605.23	0.000e+00
2605.71	0.000e+00
2606.19	0.000e+00
2606.67	0.000e+00
2607.16	0.000e+00
2607.64	0.000e+00
2608.12	0.000e+00
2608.60	0.000e+00
2609.08	0.000e+00
2609.57	0.000e+00
2610.05	0.000e+00
2610.53	0.000e+00
2611.01	0.000e+00
2611.49	0.000e+00
2611.98	0.000e+00
2612.46	0.000e+00
2612.94	0.000e+00
2613.42	0.000e+00
2613.90	0.000e+00
2614.39	0.000e+00
2614.87	0.000e+00
2615.35	0.000e+00
2615.83	0.000e+00
2616.31	0.000e+00
2616.79	0.000e+00
2617.28	0.000e+00
2617.76	0.000e+00
2618.24	0.000e+00
2618.72	0.000e+00
2619.20	0.000e+00
2619.69	0.000e+00
2620.17	0.000e+00
2620.65	0.000e+00
2621.13	0.000e+00
2621.61	0.000e+00
2622.10	0.000e+00
2622.58	0.000e+00
2623.06	0.000e+00
2623.54	0.000e+00
2624.02	0.000e+00
2624.51	0.000e+00
2624.99	0.000e+00
2625.47	0.000e+00
2625.95	0.000e+00
2626.43	0.000e+00
2626.92	0.000e+00
2627.40	0.000e+00
2627.88	0.000e+00
2628.36	0.000e+00
2628.84	0.000e+00
2629.33	0.000e+00
2629.81	0.000e+00
2630.29	0.000e+00
2630.77	0.000e+00
2631.25	0.000e+00
2631.74	0.000e+00
2632.22	0.000e+00
2632.70	0.000e+00
2633.18	0.000e+00
2633.66	0.000e+00
2634.15	0.000e+00
2634.63	0.000e+00
2635.11	0.000e+00
2635.59	0.000e+00
2636.07	0.000e+00
2636.56	0.000e+00
2637.04	0.000e+00
2637.52	0.000e+00
2638.00	0.000e+00
2638.48	0.000e+00
2638.97	0.000e+00
2639.45	0.000e+00
2639.93	0.000e+00
2640.41	0.000e+00
2640.89	0.000e+00
2641.38	0.000e+00
2641.86	0.000e+00
2642.34	0.000e+00
2642.82	0.000e+00
2643.30	0.000e+00
2643.79	0.000e+00
2644.27	0.000e+00
2644.75	0.000e+00
2645.23	0.000e+00
2645.71	0.000e+00
2646.19	0.000e+00
2646.68	0.000e+00
2647.16	0.000e+00
2647.64	0.000e+00
2648.12	0.000e+00
2648.60	0.000e+00
2649.09	0.000e+00
2649.57	0.000e+00
2650.05	0.000e+00
2650.53	0.000e+00
2651.01	0.000e+00
2651.50	0.000e+00
2651.98	0.000e+00
2652.46	0.000e+00
2652.94	0.000e+00
2653.42	0.000e+00
2653.91	0.000e+00
2654.39	0.000e+00
2654.87	0.000e+00
2655.35	0.000e+00
2655.83	0.000e+00
2656.32	0.000e+00
2656.80	0.000e+00
2657.28	0.000e+00
2657.76	0.000e+00
2658.24	0.000e+00
2658.73	0.000e+00
2659.21	0.000e+00
2659.69	0.000e+00
2660.17	0.000e+00
2660.65	0.000e+00
2661.14	0.000e+00
2661.62	0.000e+00
2662.10	0.000e+00
2662.58	0.000e+00
2663.06	0.000e+00
2663.55	0.000e+00
2664.03	0.000e+00
2664.51	0.000e+00
2664.99	0.000e+00
2665.47	0.000e+00
2665.96	0.000e+00
2666.44	0.000e+00
2666.92	0.000e+00
2667.40	0.000e+00
2667.88	0.000e+00
2668.37	0.000e+00
2668.85	0.000e+00
2669.33	0.000e+00
2669.81	0.000e+00
2670.29	0.000e+00
2670.78	0.000e+00
2671.26	0.000e+00
2671.74	0.000e+00
2672.22	0.000e+00
2672.70	0.000e+00
2673.18	0.000e+00
2673.67	0.000e+00
2674.15	0.000e+00
2674.63	0.000e+00
2675.11	0.000e+00
2675.59	0.000e+00
2676.08	0.000e+00
2676.56	0.000e+00
2677.04	0.000e+00
2677.52	0.000e+00
2678.00	0.000e+00
2678.49	0.000e+00
2678.97	0.000e+00
2679.45	0.000e+00
2679.93	0.000e+00
2680.41	0.000e+00
2680.90	0.000e+00
2681.38	0.000e+00
2681.86	0.000e+00
2682.34	0.000e+00
2682.82	0.000e+00
2683.31	0.000e+00
2683.79	0.000e+00
2684.27	0.000e+00
2684.75	0.000e+00
2685.23	0.000e+00
2685.72	0.000e+00
2686.20	0.000e+00
2686.68	0.000e+00
2687.16	0.000e+00
2687.64	0.000e+00
2688.13	0.000e+00
2688.61	0.000e+00
2689.09	0.000e+00
2689.57	0.000e+00
2690.05	0.000e+00
2690.54	0.000e+00
2691.02	0.000e+00
2691.50	0.000e+00
2691.98	0.000e+00
2692.46	0.000e+00
2692.95	0.000e+00
2693.43	0.000e+00
2693.91	0.000e+00
2694.39	0.000e+00
2694.87	0.000e+00
2695.36	0.000e+00
2695.84	0.000e+00
2696.32	0.000e+00
2696.80	0.000e+00
2697.28	0.000e+00
2697.77	0.000e+00
2698.25	0.000e+00
2698.73	0.000e+00
2699.21	0.000e+00
2699.69	0.000e+00
2700.18	0.000e+00
2700.66	0.000e+00
2701.14	0.000e+00
2701.62	0.000e+00
2702.10	0.000e+00
2702.58	0.000e+00
2703.07	0.000e+00
2703.55	0.000e+00
2704.03	0.000e+00
2704.51	0.000e+00
2704.99	0.000e+00
2705.48	0.000e+00
2705.96	0.000e+00
2706.44	0.000e+00
2706.92	0.000e+00
2707.40	0.000e+00
2707.89	0.000e+00
2708.37	0.000e+00
2708.85	0.000e+00
2709.33	0.000e+00
2709.81	0.000e+00
2710.30	0.000e+00
2710.78	0.000e+00
2711.26	0.000e+00
2711.74	0.000e+00
2712.22	0.000e+00
2712.71	0.000e+00
2713.19	0.000e+00
2713.67	0.000e+00
2714.15	0.000e+00
2714.63	0.000e+00
2715.12	0.000e+00
2715.60	0.000e+00
2716.08	0.000e+00
2716.56	0.000e+00
2717.04	0.000e+00
2717.53	0.000e+00
2718.01	0.000e+00
2718.49	0.000e+00
2718.97	0.000e+00
2719.45	0.000e+00
2719.94	0.000e+00
2720.42	0.000e+00
2720.90	0.000e+00
2721.38	0.000e+00
2721.86	0.000e+00
2722.35	0.000e+00
2722.83	0.000e+00
2723.31	0.000e+00
2723.79	0.000e+00
2724.27	0.000e+00
2724.76	0.000e+00
2725.24	0.000e+00
2725.72	0.000e+00
2726.20	0.000e+00
2726.68	0.000e+00
2727.17	0.000e+00
2727.65	0.000e+00
2728.13	0.000e+00
2728.61	0.000e+00
2729.09	0.000e+00
2729.57	0.000e+00
2730.06	0.000e+00
2730.54	0.000e+00
2731.02	0.000e+00
2731.50	0.000e+00
2731.98	0.000e+00
2732.47	0.000e+00
2732.95	0.000e+00
2733.43	0.000e+00
2733.91	0.000e+00
2734.39	0.000e+00
2734.88	0.000e+00
2735.36	0.000e+00
2735.84	0.000e+00
2736.32	0.000e+00
2736.80	0.000e+00
2737.29	0.000e+00
2737.77	0.000e+00
2738.25	0.000e+00
2738.73	0.000e+00
2739.21	0.000e+00
2739.70	0.000e+00
2740.18	0.000e+00
2740.66	0.000e+00
2741.14	0.000e+00
2741.62	0.000e+00
2742.11	0.000e+00
2742.59	0.000e+00
2743.07	0.000e+00
2743.55	0.000e+00
2744.03	0.000e+00
2744.52	0.000e+00
2745.00	0.000e+00
2745.48	0.000e+00
2745.96	0.000e+00
2746.44	0.000e+00
2746.93	0.000e+00
2747.41	0.000e+00
2747.89	0.000e+00
2748.37	0.000e+00
2748.85	0.000e+00
2749.34	0.000e+00
2749.82	0.000e+00
2750.30	0.000e+00
2750.78	0.000e+00
2751.26	0.000e+00
2751.75	0.000e+00
2752.23	0.000e+00
2752.71	0.000e+00
2753.19	0.000e+00
2753.67	0.000e+00
2754.16	0.000e+00
2754.64	0.000e+00
2755.12	0.000e+00
2755.60	0.000e+00
2756.08	0.000e+00
2756.56	0.000e+00
2757.05	0.000e+00
2757.53	0.000e+00
2758.01	0.000e+00
2758.49	0.000e+00
2758.97	0.000e+00
2759.46	0.000e+00
2759.94	0.000e+00
2760.42	0.000e+00
2760.90	0.000e+00
2761.38	0.000e+00
2761.87	0.000e+00
2762.35	0.000e+00
2762.83	0.000e+00
2763.31	0.000e+00
2763.79	0.000e+00
2764.28	0.000e+00
2764.76	0.000e+00
2765.24	0.000e+00
2765.72	0.000e+00
2766.20	0.000e+00
2766.69	0.000e+00
2767.17	0.000e+00
2767.65	0.000e+00
2768.13	0.000e+00
2768.61	0.000e+00
2769.10	0.000e+00
2769.58	0.000e+00
2770.06	0.000e+00
2770.54	0.000e+00
2771.02	0.000e+00
2771.51	0.000e+00
2771.99	0.000e+00
2772.47	0.000e+00
2772.95	0.000e+00
2773.43	0.000e+00
2773.92	0.000e+00
2774.40	0.000e+00
2774.88	0.000e+00
2775.36	0.000e+00
2775.84	0.000e+00
2776.33	0.000e+00
2776.81	0.000e+00
2777.29	0.000e+00
2777.77	0.000e+00
2778.25	0.000e+00
2778.74	0.000e+00
2779.22	0.000e+00
2779.70	0.000e+00
2780.18	0.000e+00
2780.66	0.000e+00
2781.15	0.000e+00
2781.63	0.000e+00
2782.11	0.000e+00
2782.59	0.000e+00
2783.07	0.000e+00
2783.56	0.000e+00
2784.04	0.000e+00
2784.52	0.000e+00
2785.00	0.000e+00
2785.48	0.000e+00
2785.96	0.000e+00
2786.45	0.000e+00
2786.93	0.000e+00
2787.41	0.000e+00
2787.89	0.000e+00
2788.37	0.000e+00
2788.86	0.000e+00
2789.34	0.000e+00
2789.82	0.000e+00
2790.30	0.000e+00
2790.78	0.000e+00
2791.27	0.000e+00
2791.75	0.000e+00
2792.23	0.000e+00
2792.71	0.000e+00
2793.19	0.000e+00
2793.68	0.000e+00
2794.16	0.000e+00
2794.64	0.000e+00
2795.12	0.000e+00
2795.60	0.000e+00
2796.09	0.000e+00
2796.57	0.000e+00
2797.05	0.000e+00
2797.53	0.000e+00
2798.01	0.000e+00
2798.50	0.000e+00
2798.98	0.000e+00
2799.46	0.000e+00
2799.94	0.000e+00
2800.42	0.000e+00
2800.91	0.000e+00
2801.39	0.000e+00
2801.87	0.000e+00
2802.35	0.000e+00
2802.83	0.000e+00
2803.32	0.000e+00
2803.80	0.000e+00
2804.28	0.000e+00
2804.76	0.000e+00
2805.24	0.000e+00
2805.73	0.000e+00
2806.21	0.000e+00
2806.69	0.000e+00
2807.17	0.000e+00
2807.65	0.000e+00
2808.14	0.000e+00
2808.62	0.000e+00
2809.10	0.000e+00
2809.58	0.000e+00
2810.06	0.000e+00
2810.55	0.000e+00
2811.03	0.000e+00
2811.51	0.000e+00
2811.99	0.000e+00
2812.47	0.000e+00
2812.95	0.000e+00
2813.44	0.000e+00
2813.92	0.000e+00
2814.40	0.000e+00
2814.88	0.000e+00
2815.36	0.000e+00
2815.85	0.000e+00
2816.33	0.000e+00
2816.81	0.000e+00
2817.29	0.000e+00
2817.77	0.000e+00
2818.26	0.000e+00
2818.74	0.000e+00
2819.22	0.000e+00
2819.70	0.000e+00
2820.18	0.000e+00
2820.67	0.000e+00
2821.15	0.000e+00
2821.63	0.000e+00
2822.11	0.000e+00
2822.59	0.000e+00
2823.08	0.000e+00
2823.56	0.000e+00
2824.04	0.000e+00
2824.52	0.000e+00
2825.00	0.000e+00
2825.49	0.000e+00
2825.97	0.000e+00
2826.45	0.000e+00
2826.93	0.000e+00
2827.41	0.000e+00
2827.90	0.000e+00
2828.38	0.000e+00
2828.86	0.000e+00
2829.34	0.000e+00
2829.82	0.000e+00
2830.31	0.000e+00
2830.79	0.000e+00
2831.27	0.000e+00
2831.75	0.000e+00
2832.23	0.000e+00
2832.72	0.000e+00
2833.20	0.000e+00
2833.68	0.000e+00
2834.16	0.000e+00
2834.64	0.000e+00
2835.13	0.000e+00
2835.61	0.000e+00
2836.09	0.000e+00
2836.57	0.000e+00
2837.05	0.000e+00
2837.54	0.000e+00
2838.02	0.000e+00
2838.50	0.000e+00
2838.98	0.000e+00
2839.46	0.000e+00
2839.95	0.000e+00
2840.43	0.000e+00
2840.91	0.000e+00
2841.39	0.000e+00
2841.87	0.000e+00
2842.35	0.000e+00
2842.84	0.000e+00
2843.32	0.000e+00
2843.80	0.000e+00
2844.28	0.000e+00
2844.76	0.000e+00
2845.25	0.000e+00
2845.73	0.000e+00
2846.21	0.000e+00
2846.69	0.000e+00
2847.17	0.000e+00
2847.66	0.000e+00
2848.14	0.000e+00
2848.62	0.000e+00
2849.10	0.000e+00
2849.58	0.000e+00
2850.07	0.000e+00
2850.55	0.000e+00
2851.03	0.000e+00
2851.51	0.000e+00
2851.99	0.000e+00
2852.48	0.000e+00
2852.96	0.000e+00
2853.44	0.000e+00
2853.92	0.000e+00
2854.40	0.000e+00
2854.89	0.000e+00
2855.37	0.000e+00
2855.85	0.000e+00
2856.33	0.000e+00
2856.81	0.000e+00
2857.30	0.000e+00
2857.78	0.000e+00
2858.26	0.000e+00
2858.74	0.000e+00
2859.22	0.000e+00
2859.71	0.000e+00
2860.19	0.000e+00
2860.67	0.000e+00
2861.15	0.000e+00
2861.63	0.000e+00
2862.12	0.000e+00
2862.60	0.000e+00
2863.08	0.000e+00
2863.56	0.000e+00
2864.04	0.000e+00
2864.53	0.000e+00
2865.01	0.000e+00
2865.49	0.000e+00
2865.97	0.000e+00
2866.45	0.000e+00
2866.94	0.000e+00
2867.42	0.000e+00
2867.90	0.000e+00
2868.38	0.000e+00
2868.86	0.000e+00
2869.34	0.000e+00
2869.83	0.000e+00
2870.31	0.000e+00
2870.79	0.000e+00
2871.27	0.000e+00
2871.75	0.000e+00
2872.24	0.000e+00
2872.72	0.000e+00
2873.20	0.000e+00
2873.68	0.000e+00
2874.16	0.000e+00
2874.65	0.000e+00
2875.13	0.000e+00
2875.61	0.000e+00
2876.09	0.000e+00
2876.57	0.000e+00
2877.06	0.000e+00
2877.54	0.000e+00
2878.02	0.000e+00
2878.50	0.000e+00
2878.98	0.000e+00
2879.47	0.000e+00
2879.95	0.000e+00
2880.43	0.000e+00
2880.91	0.000e+00
2881.39	0.000e+00
2881.88	0.000e+00
2882.36	0.000e+00
2882.84	0.000e+00
2883.32	0.000e+00
2883.80	0.000e+00
2884.29	0.000e+00
2884.77	0.000e+00
2885.25	0.000e+00
2885.73	0.000e+00
2886.21	0.000e+00
2886.70	0.000e+00
2887.18	0.000e+00
2887.66	0.000e+00
2888.14	0.000e+00
2888.62	0.000e+00
2889.11	0.000e+00
2889.59	0.000e+00
2890.07	0.000e+00
2890.55	0.000e+00
2891.03	0.000e+00
2891.52	0.000e+00
2892.00	0.000e+00
2892.48	0.000e+00
2892.96	0.000e+00
2893.44	0.000e+00
2893.93	0.000e+00
2894.41	0.000e+00
2894.89	0.000e+00
2895.37	0.000e+00
2895.85	0.000e+00
2896.34	0.000e+00
2896.82	0.000e+00
2897.30	0.000e+00
2897.78	0.000e+00
2898.26	0.000e+00
2898.74	0.000e+00
2899.23	0.000e+00
2899.71	0.000e+00
2900.19	0.000e+00
2900.67	0.000e+00
2901.15	0.000e+00
2901.64	0.000e+00
2902.12	0.000e+00
2902.60	0.000e+00
2903.08	0.000e+00
2903.56	0.000e+00
2904.05	0.000e+00
2904.53	0.000e+00
2905.01	0.000e+00
2905.49	0.000e+00
2905.97	0.000e+00
2906.46	0.000e+00
2906.94	0.000e+00
2907.42	0.000e+00
2907.90	0.000e+00
2908.38	0.000e+00
2908.87	0.000e+00
2909.35	0.000e+00
2909.83	0.000e+00
2910.31	0.000e+00
2910.79	0.000e+00
2911.28	0.000e+00
2911.76	0.000e+00
2912.24	0.000e+00
2912.72	0.000e+00
2913.20	0.000e+00
2913.69	0.000e+00
2914.17	0.000e+00
2914.65	0.000e+00
2915.13	0.000e+00
2915.61	0.000e+00
2916.10	0.000e+00
2916.58	0.000e+00
2917.06	0.000e+00
2917.54	0.000e+00
2918.02	0.000e+00
2918.51	0.000e+00
2918.99	0.000e+00
2919.47	0.000e+00
2919.95	0.000e+00
2920.43	0.000e+00
2920.92	0.000e+00
2921.40	0.000e+00
2921.88	0.000e+00
2922.36	0.000e+00
2922.84	0.000e+00
2923.33	0.000e+00
2923.81	0.000e+00
2924.29	0.000e+00
2924.77	0.000e+00
2925.25	0.000e+00
2925.73	0.000e+00
2926.22	0.000e+00
2926.70	0.000e+00
2927.18	0.000e+00
2927.66	0.000e+00
2928.14	0.000e+00
2928.63	0.000e+00
2929.11	0.000e+00
2929.59	0.000e+00
2930.07	0.000e+00
2930.55	0.000e+00
2931.04	0.000e+00
2931.52	0.000e+00
2932.00	0.000e+00
2932.48	0.000e+00
2932.96	0.000e+00
2933.45	0.000e+00
2933.93	0.000e+00
2934.41	0.000e+00
2934.89	0.000e+00
2935.37	0.000e+00
2935.86	0.000e+00
2936.34	0.000e+00
2936.82	0.000e+00
2937.30	0.000e+00
2937.78	0.000e+00
2938.27	0.000e+00
2938.75	0.000e+00
2939.23	0.000e+00
2939.71	0.000e+00
2940.19	0.000e+00
2940.68	0.000e+00
2941.16	0.000e+00
2941.64	0.000e+00
2942.12	0.000e+00
2942.60	0.000e+00
2943.09	0.000e+00
2943.57	0.000e+00
2944.05	0.000e+00
2944.53	0.000e+00
2945.01	0.000e+00
2945.50	0.000e+00
2945.98	0.000e+00
2946.46	0.000e+00
2946.94	0.000e+00
2947.42	0.000e+00
2947.91	0.000e+00
2948.39	0.000e+00
2948.87	0.000e+00
2949.35	0.000e+00
2949.83	0.000e+00
2950.32	0.000e+00
2950.80	0.000e+00
2951.28	0.000e+00
2951.76	0.000e+00
2952.24	0.000e+00
2952.72	0.000e+00
2953.21	0.000e+00
2953.69	0.000e+00
2954.17	0.000e+00
2954.65	0.000e+00
2955.13	0.000e+00
2955.62	0.000e+00
2956.10	0.000e+00
2956.58	0.000e+00
2957.06	0.000e+00
2957.54	0.000e+00
2958.03	0.000e+00
2958.51	0.000e+00
2958.99	0.000e+00
2959.47	0.000e+00
2959.95	0.000e+00
2960.44	0.000e+00
2960.92	0.000e+00
2961.40	0.000e+00
2961.88	0.000e+00
2962.36	0.000e+00
2962.85	0.000e+00
2963.33	0.000e+00
2963.81	0.000e+00
2964.29	0.000e+00
2964.77	0.000e+00
2965.26	0.000e+00
2965.74	0.000e+00
2966.22	0.000e+00
2966.70	0.000e+00
2967.18	0.000e+00
2967.67	0.000e+00
2968.15	0.000e+00
2968.63	0.000e+00
2969.11	0.000e+00
2969.59	0.000e+00
2970.08	0.000e+00
2970.56	0.000e+00
2971.04	0.000e+00
2971.52	0.000e+00
2972.00	0.000e+00
2972.49	0.000e+00
2972.97	0.000e+00
2973.45	0.000e+00
2973.93	0.000e+00
2974.41	0.000e+00
2974.90	0.000e+00
2975.38	0.000e+00
2975.86	0.000e+00
2976.34	0.000e+00
2976.82	0.000e+00
2977.31	0.000e+00
2977.79	0.000e+00
2978.27	0.000e+00
2978.75	0.000e+00
2979.23	0.000e+00
2979.72	0.000e+00
2980.20	0.000e+00
2980.68	0.000e+00
2981.16	0.000e+00
2981.64	0.000e+00
2982.12	0.000e+00
2982.61	0.000e+00
2983.09	0.000e+00
2983.57	0.000e+00
2984.05	0.000e+00
2984.53	0.000e+00
2985.02	0.000e+00
2985.50	0.000e+00
2985.98	0.000e+00
2986.46	0.000e+00
2986.94	0.000e+00
2987.43	0.000e+00
2987.91	0.000e+00
2988.39	0.000e+00
2988.87	0.000e+00
2989.35	0.000e+00
2989.84	0.000e+00
2990.32	0.000e+00
2990.80	0.000e+00
2991.28	0.000e+00
2991.76	0.000e+00
2992.25	0.000e+00
2992.73	0.000e+00
2993.21	0.000e+00
2993.69	0.000e+00
2994.17	0.000e+00
2994.66	0.000e+00
2995.14	0.000e+00
2995.62	0.000e+00
2996.10	0.000e+00
2996.58	0.000e+00
2997.07	0.000e+00
2997.55	0.000e+00
2998.03	0.000e+00
2998.51	0.000e+00
2998.99	0.000e+00
2999.48	0.000e+00
2999.96	0.000e+00
3000.44	0.000e+00
3000.92	0.000e+00
3001.40	0.000e+00
3001.89	0.000e+00
3002.37	0.000e+00
3002.85	0.000e+00
3003.33	0.000e+00
3003.81	0.000e+00
3004.30	0.000e+00
3004.78	0.000e+00
3005.26	0.000e+00
3005.74	0.000e+00
3006.22	0.000e+00
3006.71	0.000e+00
3007.19	0.000e+00
3007.67	0.000e+00
3008.15	0.000e+00
3008.63	0.000e+00
3009.11	0.000e+00
3009.60	0.000e+00
3010.08	0.000e+00
3010.56	0.000e+00
3011.04	0.000e+00
3011.52	0.000e+00
3012.01	0.000e+00
3012.49	0.000e+00
3012.97	0.000e+00
3013.45	0.000e+00
3013.93	0.000e+00
3014.42	0.000e+00
3014.90	0.000e+00
3015.38	0.000e+00
3015.86	0.000e+00
3016.34	0.000e+00
3016.83	0.000e+00
3017.31	0.000e+00
3017.79	0.000e+00
3018.27	0.000e+00
3018.75	0.000e+00
3019.24	0.000e+00
3019.72	0.000e+00
3020.20	0.000e+00
3020.68	0.000e+00
3021.16	0.000e+00
3021.65	0.000e+00
3022.13	0.000e+00
3022.61	0.000e+00
3023.09	0.000e+00
3023.57	0.000e+00
3024.06	0.000e+00
3024.54	0.000e+00
3025.02	0.000e+00
3025.50	0.000e+00
3025.98	0.000e+00
3026.47	0.000e+00
3026.95	0.000e+00
3027.43	0.000e+00
3027.91	0.000e+00
3028.39	0.000e+00
3028.88	0.000e+00
3029.36	0.000e+00
3029.84	0.000e+00
3030.32	0.000e+00
3030.80	0.000e+00
3031.29	0.000e+00
3031.77	0.000e+00
3032.25	0.000e+00
3032.73	0.000e+00
3033.21	0.000e+00
3033.70	0.000e+00
3034.18	0.000e+00
3034.66	0.000e+00
3035.14	0.000e+00
3035.62	0.000e+00
3036.11	0.000e+00
3036.59	0.000e+00
3037.07	0.000e+00
3037.55	0.000e+00
3038.03	0.000e+00
3038.51	0.000e+00
3039.00	0.000e+00
3039.48	0.000e+00
3039.96	0.000e+00
3040.44	0.000e+00
3040.92	0.000e+00
3041.41	0.000e+00
3041.89	0.000e+00
3042.37	0.000e+00
3042.85	0.000e+00
3043.33	0.000e+00
3043.82	0.000e+00
3044.30	0.000e+00
3044.78	0.000e+00
3045.26	0.000e+00
3045.74	0.000e+00
3046.23	0.000e+00
3046.71	0.000e+00
3047.19	0.000e+00
3047.67	0.000e+00
3048.15	0.000e+00
3048.64	0.000e+00
3049.12	0.000e+00
3049.60	0.000e+00
3050.08	0.000e+00
3050.56	0.000e+00
3051.05	0.000e+00
3051.53	0.000e+00
3052.01	0.000e+00
3052.49	0.000e+00
3052.97	0.000e+00
3053.46	0.000e+00
3053.94	0.000e+00
3054.42	0.000e+00
3054.90	0.000e+00
3055.38	0.000e+00
3055.87	0.000e+00
3056.35	0.000e+00
3056.83	0.000e+00
3057.31	0.000e+00
3057.79	0.000e+00
3058.28	0.000e+00
3058.76	0.000e+00
3059.24	0.000e+00
3059.72	0.000e+00
3060.20	0.000e+00
3060.69	0.000e+00
3061.17	0.000e+00
3061.65	0.000e+00
3062.13	0.000e+00
3062.61	0.000e+00
3063.10	0.000e+00
3063.58	0.000e+00
3064.06	0.000e+00
3064.54	0.000e+00
3065.02	0.000e+00
3065.50	0.000e+00
3065.99	0.000e+00
3066.47	0.000e+00
3066.95	0.000e+00
3067.43	0.000e+00
3067.91	0.000e+00
3068.40	0.000e+00
3068.88	0.000e+00
3069.36	0.000e+00
3069.84	0.000e+00
3070.32	0.000e+00
3070.81	0.000e+00
3071.29	0.000e+00
3071.77	0.000e+00
3072.25	0.000e+00
3072.73	0.000e+00
3073.22	0.000e+00
3073.70	0.000e+00
3074.18	0.000e+00
3074.66	0.000e+00
3075.14	0.000e+00
3075.63	0.000e+00
3076.11	0.000e+00
3076.59	0.000e+00
3077.07	0.000e+00
3077.55	0.000e+00
3078.04	0.000e+00
3078.52	0.000e+00
3079.00	0.000e+00
3079.48	0.000e+00
3079.96	0.000e+00
3080.45	0.000e+00
3080.93	0.000e+00
3081.41	0.000e+00
3081.89	0.000e+00
3082.37	0.000e+00
3082.86	0.000e+00
3083.34	0.000e+00
3083.82	0.000e+00
3084.30	0.000e+00
3084.78	0.000e+00
3085.27	0.000e+00
3085.75	0.000e+00
3086.23	0.000e+00
3086.71	0.000e+00
3087.19	0.000e+00
3087.68	0.000e+00
3088.16	0.000e+00
3088.64	0.000e+00
3089.12	0.000e+00
3089.60	0.000e+00
