# Model galaxy spectrum:  1 Gyr after a starburst. 
# 1.0 solar metallicity. 
# Simulated by Galev:  www.galev.org
90.9 1.763467e-03
93.5 2.084240e-03
96.1 2.438892e-03
97.7 2.673861e-03
99.6 2.969170e-03
102.0 3.366866e-03
103.8 3.682617e-03
105.6 4.012741e-03
107.7 4.415193e-03
110.4 4.958243e-03
114.0 5.722715e-03
117.8 6.572513e-03
121.3 7.386579e-03
124.8 8.223252e-03
127.1 8.781854e-03
128.4 9.099734e-03
130.5 9.615388e-03
132.4 1.008314e-02
133.9 1.045250e-02
136.6 1.111575e-02
139.8 1.189582e-02
143.3 1.273659e-02
147.2 1.365185e-02
151.0 1.451581e-02
155.2 1.543248e-02
158.8 1.618200e-02
162.0 1.681761e-02
166.0 1.756893e-02
170.3 1.832048e-02
173.4 1.882503e-02
176.8 1.934186e-02
180.2 1.982015e-02
181.7 2.001889e-02
186.1 2.055879e-02
191.0 2.108531e-02
193.9 2.136061e-02
198.4 2.173586e-02
201.8 2.197878e-02
205.0 2.217679e-02
210.5 2.245197e-02
216.2 2.266328e-02
219.8 2.277585e-02
223.0 2.288971e-02
226.8 2.311775e-02
230.0 2.281557e-02
234.0 2.279090e-02
240.0 2.270029e-02
246.5 2.253723e-02
252.4 2.233906e-02
256.8 2.216427e-02
260.0 2.202132e-02
264.0 2.183834e-02
268.5 2.160663e-02
273.5 2.132934e-02
278.5 2.102669e-02
284.0 2.069192e-02
290.0 2.030387e-02
296.0 1.989382e-02
301.0 1.954395e-02
308.0 1.905281e-02
318.0 1.833714e-02
328.0 1.761615e-02
338.0 1.690064e-02
348.0 1.619538e-02
357.0 1.561021e-02
366.0 1.509325e-02
375.0 1.449605e-02
385.0 1.386792e-02
395.0 1.339848e-02
405.0 1.289327e-02
414.0 1.245099e-02
422.0 1.203413e-02
430.0 1.165239e-02
441.0 1.127786e-02
451.0 1.095146e-02
460.0 1.070936e-02
470.0 1.072649e-02
480.0 1.108420e-02
490.0 1.177639e-02
500.0 1.345145e-02
506.0 9.995770e-03
512.0 1.748329e-02
520.0 1.690198e-02
530.0 1.548095e-02
540.0 1.399989e-02
550.0 1.496182e-02
560.0 1.753390e-02
570.0 1.839605e-02
580.0 1.718636e-02
590.0 1.755897e-02
600.0 1.459432e-02
610.0 1.645775e-02
620.0 1.897150e-02
630.0 1.840659e-02
640.0 1.860104e-02
650.0 1.826594e-02
658.0 1.669357e-02
665.0 1.822085e-02
675.0 1.923991e-02
685.0 1.567177e-02
695.0 1.922658e-02
705.0 1.484828e-02
716.0 2.020072e-02
726.0 1.992207e-02
735.0 1.991525e-02
745.0 1.949555e-02
755.0 1.949585e-02
765.0 1.857243e-02
775.0 1.998898e-02
785.0 2.020880e-02
795.0 2.071803e-02
805.0 2.047301e-02
815.0 2.067308e-02
825.0 2.167286e-02
835.0 1.713902e-02
845.0 2.181491e-02
855.0 2.231637e-02
865.0 2.356572e-02
875.0 2.448084e-02
885.0 2.576500e-02
895.0 2.697459e-02
905.0 2.770162e-02
915.0 2.168100e-02
925.0 7.380831e-02
935.0 1.236756e-01
945.0 1.733915e-01
955.0 2.046747e-01
965.0 2.198743e-01
975.0 6.012753e-02
985.0 1.679216e-01
995.0 1.671548e-01
1005.0 2.224818e-01
1015.0 2.219728e-01
1025.0 1.376841e-01
1035.0 1.775014e-01
1045.0 2.688871e-01
1055.0 2.568215e-01
1065.0 2.094789e-01
1075.0 2.346031e-01
1085.0 1.972671e-01
1095.0 2.400220e-01
1105.0 2.287360e-01
1115.0 2.216092e-01
1125.0 1.932524e-01
1135.0 2.352032e-01
1145.0 2.167188e-01
1155.0 2.215279e-01
1165.0 2.214394e-01
1175.0 1.462170e-01
1185.0 2.074057e-01
1195.0 1.625143e-01
1205.0 1.283361e-01
1215.0 1.005142e-01
1225.0 1.561006e-01
1235.0 2.030322e-01
1245.0 2.156249e-01
1255.0 2.077062e-01
1265.0 1.889501e-01
1275.0 2.263146e-01
1285.0 2.335095e-01
1295.0 1.940888e-01
1305.0 1.902622e-01
1315.0 2.264460e-01
1325.0 2.169151e-01
1335.0 1.978081e-01
1345.0 2.222483e-01
1355.0 2.144834e-01
1365.0 1.946710e-01
1375.0 1.997198e-01
1385.0 1.982063e-01
1395.0 1.626804e-01
1405.0 1.650611e-01
1415.0 1.819215e-01
1425.0 1.815554e-01
1435.0 1.817910e-01
1442.0 1.889617e-01
1447.0 1.913827e-01
1455.0 1.848904e-01
1465.0 1.710688e-01
1475.0 1.701235e-01
1485.0 1.722990e-01
1495.0 1.730427e-01
1505.0 1.645536e-01
1512.0 1.479031e-01
1517.0 1.561328e-01
1525.0 1.511788e-01
1535.0 1.308838e-01
1545.0 1.363542e-01
1555.0 1.293425e-01
1565.0 1.344769e-01
1575.0 1.445013e-01
1585.0 1.501116e-01
1595.0 1.530276e-01
1605.0 1.476879e-01
1615.0 1.455539e-01
1625.0 1.378164e-01
1635.0 1.457266e-01
1645.0 1.484684e-01
1655.0 1.360738e-01
1665.0 1.478036e-01
1672.0 1.286028e-01
1677.0 1.539825e-01
1685.0 1.578076e-01
1695.0 1.460076e-01
1705.0 1.411565e-01
1715.0 1.369094e-01
1725.0 1.354784e-01
1735.0 1.444994e-01
1745.0 1.403967e-01
1755.0 1.494287e-01
1765.0 1.348100e-01
1775.0 1.394869e-01
1785.0 1.404901e-01
1795.0 1.515806e-01
1805.0 1.475294e-01
1815.0 1.392410e-01
1825.0 1.388816e-01
1835.0 1.328181e-01
1845.0 1.208232e-01
1855.0 1.245282e-01
1865.0 1.294706e-01
1875.0 1.344906e-01
1885.0 1.262443e-01
1895.0 1.239101e-01
1905.0 1.290122e-01
1915.0 1.248721e-01
1925.0 1.205405e-01
1935.0 1.168554e-01
1945.0 1.297998e-01
1955.0 1.228612e-01
1967.0 1.336521e-01
1976.0 1.346029e-01
1984.0 1.289950e-01
1995.0 1.251752e-01
2005.0 1.251473e-01
2015.0 1.218028e-01
2025.0 1.226531e-01
2035.0 1.214096e-01
2045.0 1.267430e-01
2055.0 1.189739e-01
2065.0 1.186919e-01
2074.0 1.301149e-01
2078.0 1.296921e-01
2085.0 1.321503e-01
2095.0 1.247345e-01
2105.0 1.218073e-01
2115.0 1.236658e-01
2125.0 1.243059e-01
2135.0 1.126300e-01
2145.0 1.194438e-01
2155.0 1.220393e-01
2165.0 1.160695e-01
2175.0 1.151922e-01
2185.0 1.162060e-01
2195.0 1.217509e-01
2205.0 1.172780e-01
2215.0 1.085258e-01
2225.0 1.061454e-01
2235.0 1.165672e-01
2245.0 1.100988e-01
2255.0 1.029380e-01
2265.0 1.040126e-01
2275.0 1.079894e-01
2285.0 1.126903e-01
2295.0 1.040346e-01
2305.0 1.069766e-01
2315.0 1.015422e-01
2325.0 8.227365e-02
2335.0 8.994390e-02
2345.0 8.266861e-02
2355.0 9.679947e-02
2365.0 8.276835e-02
2375.0 8.862776e-02
2385.0 7.614440e-02
2395.0 8.274430e-02
2405.0 7.995724e-02
2415.0 8.255265e-02
2425.0 9.336576e-02
2435.0 9.000818e-02
2445.0 9.606837e-02
2455.0 9.506149e-02
2465.0 9.358296e-02
2475.0 8.829223e-02
2485.0 8.761982e-02
2495.0 8.128115e-02
2505.0 9.724578e-02
2513.0 7.925244e-02
2518.0 7.758878e-02
2525.0 7.536411e-02
2535.0 7.797419e-02
2545.0 7.807629e-02
2555.0 8.745879e-02
2565.0 8.284076e-02
2575.0 8.943459e-02
2585.0 8.767913e-02
2595.0 8.500649e-02
2605.0 8.074520e-02
2615.0 7.758655e-02
2625.0 8.633215e-02
2635.0 9.272181e-02
2645.0 1.063931e-01
2655.0 1.120442e-01
2665.0 9.549399e-02
2675.0 1.020232e-01
2685.0 1.030729e-01
2695.0 9.426210e-02
2705.0 9.969518e-02
2715.0 9.064427e-02
2725.0 9.002945e-02
2735.0 9.637386e-02
2745.0 7.579479e-02
2755.0 8.089331e-02
2765.0 8.647097e-02
2775.0 9.244494e-02
2785.0 7.981280e-02
2795.0 5.577253e-02
2805.0 6.051753e-02
2815.0 8.966672e-02
2825.0 1.011554e-01
2835.0 9.761580e-02
2845.0 9.311465e-02
2855.0 8.444234e-02
2865.0 1.002986e-01
2875.0 1.017329e-01
2885.0 1.003641e-01
2895.0 1.001261e-01
2910.0 1.141341e-01
2930.0 1.073038e-01
2950.0 1.046784e-01
2970.0 1.080298e-01
2990.0 1.086693e-01
3010.0 1.106073e-01
3030.0 1.102329e-01
3050.0 1.110333e-01
3070.0 1.129779e-01
3090.0 1.142135e-01
3110.0 1.143924e-01
3130.0 1.119682e-01
3150.0 1.131023e-01
3170.0 1.141538e-01
3190.0 1.058763e-01
3210.0 1.113169e-01
3230.0 1.033671e-01
3250.0 1.137722e-01
3270.0 1.200176e-01
3290.0 1.188933e-01
3310.0 1.187738e-01
3330.0 1.178386e-01
3350.0 1.157074e-01
3370.0 1.080824e-01
3390.0 1.106853e-01
3410.0 1.112391e-01
3430.0 1.123001e-01
3450.0 1.136171e-01
3470.0 1.133454e-01
3490.0 1.164345e-01
3510.0 1.192957e-01
3530.0 1.145080e-01
3550.0 1.212301e-01
3570.0 1.068812e-01
3590.0 1.065200e-01
3610.0 1.130611e-01
3630.0 1.149728e-01
3640.0 1.157444e-01
3650.0 1.233104e-01
3670.0 1.210655e-01
3690.0 1.125973e-01
3710.0 1.237083e-01
3730.0 1.298263e-01
3750.0 1.318107e-01
3770.0 1.436642e-01
3790.0 1.607769e-01
3810.0 1.749034e-01
3830.0 1.363884e-01
3850.0 1.786108e-01
3870.0 1.942007e-01
3890.0 1.459704e-01
3910.0 2.021005e-01
3930.0 1.423168e-01
3950.0 1.851920e-01
3970.0 1.192367e-01
3990.0 2.120207e-01
4010.0 2.325159e-01
4030.0 2.331088e-01
4050.0 2.287108e-01
4070.0 2.201961e-01
4090.0 2.082121e-01
4110.0 1.806550e-01
4130.0 2.213452e-01
4150.0 2.280988e-01
4170.0 2.278033e-01
4190.0 2.258923e-01
4210.0 2.273947e-01
4230.0 2.224832e-01
4250.0 2.256542e-01
4270.0 2.174188e-01
4290.0 2.135097e-01
4310.0 1.948279e-01
4330.0 1.943812e-01
4350.0 1.804021e-01
4370.0 2.254632e-01
4390.0 2.191992e-01
4410.0 2.222136e-01
4430.0 2.256578e-01
4450.0 2.271934e-01
4470.0 2.320625e-01
4490.0 2.319629e-01
4510.0 2.472080e-01
4530.0 2.297844e-01
4550.0 2.315655e-01
4570.0 2.423871e-01
4590.0 2.321236e-01
4610.0 2.363363e-01
4630.0 2.300888e-01
4650.0 2.323805e-01
4670.0 2.356136e-01
4690.0 2.299009e-01
4710.0 2.224972e-01
4730.0 2.305427e-01
4750.0 2.342095e-01
4770.0 2.315808e-01
4790.0 2.298813e-01
4810.0 2.261007e-01
4830.0 2.256046e-01
4850.0 1.985397e-01
4870.0 1.785078e-01
4890.0 2.146924e-01
4910.0 2.181011e-01
4930.0 2.150482e-01
4950.0 2.297727e-01
4970.0 2.198834e-01
4990.0 2.085421e-01
5010.0 2.235058e-01
5030.0 2.082358e-01
5050.0 2.063549e-01
5070.0 2.123006e-01
5090.0 2.045680e-01
5110.0 2.070383e-01
5130.0 2.010373e-01
5150.0 1.953117e-01
5170.0 1.877032e-01
5190.0 1.895843e-01
5210.0 1.954531e-01
5230.0 1.992421e-01
5250.0 2.036583e-01
5270.0 1.873213e-01
5290.0 2.025171e-01
5310.0 2.074689e-01
5330.0 1.917460e-01
5350.0 2.021457e-01
5370.0 2.004973e-01
5390.0 1.969691e-01
5410.0 1.931774e-01
5430.0 1.951700e-01
5450.0 1.990831e-01
5470.0 1.943842e-01
5490.0 1.951719e-01
5510.0 1.926803e-01
5530.0 1.947941e-01
5550.0 1.957751e-01
5570.0 1.918284e-01
5590.0 1.886315e-01
5610.0 1.921523e-01
5630.0 1.904326e-01
5650.0 1.909021e-01
5670.0 1.865959e-01
5690.0 1.898292e-01
5710.0 1.852305e-01
5730.0 1.944422e-01
5750.0 1.885673e-01
5770.0 1.893057e-01
5790.0 1.840459e-01
5810.0 1.878756e-01
5830.0 1.903445e-01
5850.0 1.859279e-01
5870.0 1.861073e-01
5890.0 1.750083e-01
5910.0 1.823329e-01
5930.0 1.819407e-01
5950.0 1.813386e-01
5970.0 1.824773e-01
5990.0 1.797110e-01
6010.0 1.771457e-01
6030.0 1.793471e-01
6050.0 1.809747e-01
6070.0 1.801571e-01
6090.0 1.751014e-01
6110.0 1.748543e-01
6130.0 1.678915e-01
6150.0 1.691442e-01
6170.0 1.645953e-01
6190.0 1.705283e-01
6210.0 1.692599e-01
6230.0 1.649430e-01
6250.0 1.599213e-01
6270.0 1.657203e-01
6290.0 1.667437e-01
6310.0 1.638334e-01
6330.0 1.640158e-01
6350.0 1.635019e-01
6370.0 1.624715e-01
6390.0 1.639281e-01
6410.0 1.607244e-01
6430.0 1.615909e-01
6450.0 1.601572e-01
6470.0 1.597102e-01
6490.0 1.564605e-01
6510.0 1.593614e-01
6530.0 1.577518e-01
6550.0 1.496121e-01
6570.0 1.492630e-01
6590.0 1.551256e-01
6610.0 1.558196e-01
6630.0 1.549422e-01
6650.0 1.543481e-01
6670.0 1.518432e-01
6690.0 1.533999e-01
6710.0 1.508945e-01
6730.0 1.524557e-01
6750.0 1.489640e-01
6770.0 1.493381e-01
6790.0 1.477985e-01
6810.0 1.475512e-01
6830.0 1.481675e-01
6850.0 1.449904e-01
6870.0 1.463709e-01
6890.0 1.473863e-01
6910.0 1.465111e-01
6930.0 1.454015e-01
6950.0 1.446863e-01
6970.0 1.454166e-01
6990.0 1.450135e-01
7010.0 1.424032e-01
7030.0 1.440720e-01
7050.0 1.436806e-01
7070.0 1.402695e-01
7090.0 1.373034e-01
7110.0 1.346132e-01
7130.0 1.330504e-01
7150.0 1.324841e-01
7170.0 1.328488e-01
7190.0 1.300254e-01
7210.0 1.321328e-01
7230.0 1.333473e-01
7250.0 1.336595e-01
7270.0 1.337926e-01
7290.0 1.317066e-01
7310.0 1.344751e-01
7330.0 1.344753e-01
7350.0 1.355655e-01
7370.0 1.380206e-01
7390.0 1.351467e-01
7410.0 1.349004e-01
7430.0 1.376657e-01
7450.0 1.371255e-01
7470.0 1.393523e-01
7490.0 1.392575e-01
7510.0 1.400815e-01
7530.0 1.425613e-01
7550.0 1.437094e-01
7570.0 1.434454e-01
7590.0 1.395999e-01
7610.0 1.358770e-01
7630.0 1.323312e-01
7650.0 1.287150e-01
7670.0 1.234286e-01
7690.0 1.255438e-01
7710.0 1.234656e-01
7730.0 1.235910e-01
7750.0 1.229908e-01
7770.0 1.229973e-01
7790.0 1.240163e-01
7810.0 1.237775e-01
7830.0 1.229179e-01
7850.0 1.215505e-01
7870.0 1.221784e-01
7890.0 1.210893e-01
7910.0 1.182201e-01
7930.0 1.183528e-01
7950.0 1.174456e-01
7970.0 1.204095e-01
7990.0 1.197540e-01
8010.0 1.206979e-01
8030.0 1.213047e-01
8050.0 1.211669e-01
8070.0 1.233622e-01
8090.0 1.228016e-01
8110.0 1.242134e-01
8130.0 1.287264e-01
8150.0 1.315351e-01
8170.0 1.333174e-01
8190.0 1.303250e-01
8210.0 1.235306e-01
8230.0 1.226097e-01
8250.0 1.221966e-01
8270.0 1.227929e-01
8290.0 1.212238e-01
8310.0 1.176438e-01
8330.0 1.166819e-01
8350.0 1.163157e-01
8370.0 1.167518e-01
8390.0 1.138987e-01
8410.0 1.162885e-01
8430.0 1.120674e-01
8450.0 1.087197e-01
8470.0 1.082941e-01
8490.0 1.104210e-01
8510.0 1.049821e-01
8530.0 1.107268e-01
8550.0 1.040279e-01
8570.0 1.135013e-01
8590.0 1.100840e-01
8610.0 1.110327e-01
8630.0 1.156367e-01
8650.0 1.151965e-01
8670.0 1.051426e-01
8690.0 1.141120e-01
8710.0 1.181037e-01
8730.0 1.183579e-01
8750.0 1.130142e-01
8770.0 1.192240e-01
8790.0 1.235774e-01
8810.0 1.225773e-01
8830.0 1.226541e-01
8850.0 1.175716e-01
8870.0 1.077609e-01
8890.0 1.120598e-01
8910.0 1.141887e-01
8930.0 1.129462e-01
8950.0 1.136172e-01
8970.0 1.136016e-01
8990.0 1.128399e-01
9010.0 1.067559e-01
9030.0 1.134289e-01
9050.0 1.200327e-01
9070.0 1.272731e-01
9090.0 1.221056e-01
9110.0 1.247556e-01
9130.0 1.263690e-01
9150.0 1.256229e-01
9170.0 1.255282e-01
9190.0 1.262533e-01
9210.0 1.197566e-01
9230.0 1.091385e-01
9250.0 1.129069e-01
9270.0 1.155132e-01
9290.0 1.138265e-01
9310.0 1.137617e-01
9330.0 1.149978e-01
9350.0 1.145475e-01
9370.0 1.126302e-01
9390.0 1.147894e-01
9410.0 1.133048e-01
9430.0 1.165103e-01
9450.0 1.158383e-01
9470.0 1.186707e-01
9490.0 1.184084e-01
9510.0 1.140540e-01
9530.0 1.165904e-01
9550.0 1.105433e-01
9570.0 1.155500e-01
9590.0 1.180735e-01
9610.0 1.170614e-01
9630.0 1.182257e-01
9650.0 1.171950e-01
9670.0 1.171573e-01
9690.0 1.181211e-01
9710.0 1.151242e-01
9730.0 1.130317e-01
9750.0 1.125531e-01
9770.0 1.131554e-01
9790.0 1.123564e-01
9810.0 1.139417e-01
9830.0 1.128532e-01
9850.0 1.128133e-01
9870.0 1.121092e-01
9890.0 1.119124e-01
9910.0 1.116830e-01
9930.0 1.126507e-01
9950.0 1.131879e-01
9970.0 1.131299e-01
9990.0 1.127303e-01
10025.0 1.130488e-01
10075.0 1.109513e-01
10125.0 1.146380e-01
10175.0 1.138838e-01
10225.0 1.147084e-01
10275.0 1.152806e-01
10325.0 1.145352e-01
10375.0 1.134752e-01
10425.0 1.135716e-01
10475.0 1.112345e-01
10525.0 1.090900e-01
10575.0 1.062959e-01
10625.0 1.044326e-01
10675.0 1.042801e-01
10725.0 1.054938e-01
10775.0 1.046636e-01
10825.0 1.032839e-01
10875.0 1.020061e-01
10925.0 9.952932e-02
10975.0 9.908570e-02
11025.0 9.816744e-02
11075.0 9.557725e-02
11125.0 9.568710e-02
11175.0 9.519619e-02
11225.0 9.520403e-02
11275.0 9.435126e-02
11325.0 9.407058e-02
11375.0 9.372272e-02
11425.0 9.287489e-02
11475.0 9.337466e-02
11525.0 9.294829e-02
11575.0 9.202737e-02
11625.0 9.072021e-02
11675.0 9.030032e-02
11725.0 9.017578e-02
11775.0 8.814178e-02
11825.0 8.700495e-02
11875.0 8.535384e-02
11925.0 8.617324e-02
11975.0 8.427290e-02
12025.0 8.525613e-02
12075.0 8.470168e-02
12125.0 8.457379e-02
12175.0 8.451148e-02
12225.0 8.390272e-02
12275.0 8.325489e-02
12325.0 8.263110e-02
12375.0 8.220420e-02
12425.0 8.098308e-02
12475.0 8.036713e-02
12525.0 7.975107e-02
12575.0 7.912738e-02
12625.0 7.860509e-02
12675.0 7.810111e-02
12725.0 7.787293e-02
12775.0 7.740371e-02
12825.0 7.490629e-02
12875.0 7.630932e-02
12925.0 7.577887e-02
12975.0 7.606668e-02
13025.0 7.525237e-02
13075.0 7.500954e-02
13125.0 7.358473e-02
13175.0 7.287872e-02
13225.0 7.243926e-02
13275.0 7.113666e-02
13325.0 7.072962e-02
13375.0 6.976803e-02
13425.0 6.949072e-02
13475.0 6.864830e-02
13525.0 6.787186e-02
13575.0 6.674131e-02
13625.0 6.641926e-02
13675.0 6.661832e-02
13725.0 6.668605e-02
13775.0 6.670156e-02
13825.0 6.665001e-02
13875.0 6.604941e-02
13925.0 6.004953e-02
13975.0 5.933575e-02
14025.0 5.901238e-02
14075.0 5.938979e-02
14125.0 5.889430e-02
14175.0 5.937828e-02
14225.0 5.897751e-02
14275.0 5.853922e-02
14325.0 5.933370e-02
14375.0 5.979605e-02
14425.0 5.871933e-02
14475.0 5.973671e-02
14525.0 5.939124e-02
14570.0 5.982893e-02
14620.0 5.729842e-02
14675.0 5.692084e-02
14725.0 5.679146e-02
14775.0 5.727949e-02
14825.0 5.773275e-02
14875.0 5.758762e-02
14925.0 5.881263e-02
14975.0 5.867160e-02
15025.0 5.849758e-02
15075.0 5.865434e-02
15125.0 5.959916e-02
15175.0 5.997846e-02
15225.0 6.010338e-02
15275.0 6.050848e-02
15325.0 6.054606e-02
15375.0 5.995985e-02
15425.0 5.919861e-02
15475.0 5.963848e-02
15525.0 5.957161e-02
15575.0 5.753186e-02
15625.0 5.733101e-02
15675.0 5.776338e-02
15725.0 5.910531e-02
15775.0 5.601978e-02
15825.0 5.474495e-02
15875.0 5.521378e-02
15925.0 5.766146e-02
15975.0 5.613581e-02
16050.0 5.584661e-02
16150.0 5.769449e-02
16250.0 5.532125e-02
16350.0 5.787926e-02
16450.0 5.534119e-02
16550.0 5.746224e-02
16650.0 5.660698e-02
16750.0 5.654523e-02
16850.0 5.602861e-02
16950.0 5.615606e-02
17050.0 5.579492e-02
17150.0 5.464905e-02
17250.0 5.373433e-02
17350.0 5.181892e-02
17450.0 5.100962e-02
17550.0 5.001257e-02
17650.0 4.840520e-02
17750.0 4.681108e-02
17850.0 4.540559e-02
17950.0 4.364667e-02
18050.0 4.211094e-02
18150.0 4.080289e-02
18250.0 4.041307e-02
18350.0 3.994197e-02
18450.0 3.889616e-02
18550.0 3.804543e-02
18650.0 3.681455e-02
18750.0 3.615756e-02
18850.0 3.586533e-02
18950.0 3.499597e-02
19050.0 3.524615e-02
19150.0 3.481186e-02
19250.0 3.447092e-02
19350.0 3.386059e-02
19450.0 3.291950e-02
19550.0 3.268623e-02
19650.0 3.198014e-02
19750.0 3.117074e-02
19850.0 3.072321e-02
19950.0 3.038516e-02
20050.0 3.016927e-02
20150.0 2.984373e-02
20250.0 2.939800e-02
20350.0 2.925148e-02
20450.0 2.928979e-02
20550.0 2.906372e-02
20650.0 2.887018e-02
20750.0 2.874846e-02
20850.0 2.853827e-02
20950.0 2.827789e-02
21050.0 2.825308e-02
21150.0 2.790364e-02
21250.0 2.765527e-02
21350.0 2.754345e-02
21450.0 2.727829e-02
21550.0 2.695097e-02
21650.0 2.639301e-02
21750.0 2.620645e-02
21850.0 2.595700e-02
21950.0 2.567424e-02
22050.0 2.520249e-02
22150.0 2.503388e-02
22250.0 2.456930e-02
22350.0 2.425893e-02
22450.0 2.394543e-02
22550.0 2.363046e-02
22650.0 2.322283e-02
22750.0 2.303383e-02
22850.0 2.259130e-02
22950.0 1.922945e-02
23050.0 2.030016e-02
23150.0 2.021940e-02
23250.0 1.751997e-02
23350.0 1.867565e-02
23450.0 1.765994e-02
23550.0 1.617688e-02
23650.0 1.720403e-02
23750.0 1.633446e-02
23850.0 1.520059e-02
23950.0 1.586782e-02
24050.0 1.534071e-02
24150.0 1.423920e-02
24250.0 1.449918e-02
24350.0 1.387132e-02
24450.0 1.309714e-02
24550.0 1.264161e-02
24650.0 1.241251e-02
24750.0 1.178660e-02
24850.0 1.046645e-02
24950.0 9.972540e-03
25050.0 1.002468e-02
25150.0 9.463461e-03
25250.0 9.545096e-03
25350.0 9.487629e-03
25450.0 9.291969e-03
25550.0 9.275417e-03
25650.0 9.295178e-03
25750.0 9.428372e-03
25850.0 9.212586e-03
25950.0 9.252624e-03
26050.0 9.257643e-03
26150.0 9.060811e-03
26250.0 8.897694e-03
26350.0 8.949992e-03
26450.0 8.862763e-03
26550.0 8.764367e-03
26650.0 8.579401e-03
26750.0 8.631149e-03
26850.0 8.572900e-03
26950.0 8.373391e-03
27050.0 8.377583e-03
27150.0 8.285169e-03
27250.0 8.249680e-03
27350.0 8.084377e-03
27450.0 8.049558e-03
27550.0 7.951745e-03
27650.0 7.862653e-03
27750.0 7.742589e-03
27850.0 7.732358e-03
27950.0 7.683579e-03
28050.0 7.578206e-03
28150.0 7.486392e-03
28250.0 7.462120e-03
28350.0 7.403558e-03
28450.0 7.332197e-03
28550.0 7.268974e-03
28650.0 7.214673e-03
28750.0 7.110089e-03
28850.0 7.072872e-03
28950.0 7.026880e-03
29050.0 6.985135e-03
29150.0 6.931270e-03
29250.0 6.818707e-03
29350.0 6.817557e-03
29450.0 6.729086e-03
29550.0 6.690532e-03
29650.0 6.652465e-03
29750.0 6.581927e-03
29850.0 6.527006e-03
29950.0 6.476465e-03
30050.0 6.424877e-03
30150.0 6.428705e-03
30250.0 6.371848e-03
30350.0 6.301766e-03
30450.0 6.337350e-03
30550.0 6.300679e-03
30650.0 6.288007e-03
30750.0 6.276230e-03
30850.0 6.243037e-03
30950.0 6.256119e-03
31050.0 6.251813e-03
31150.0 6.183035e-03
31250.0 6.187720e-03
31350.0 6.156346e-03
31450.0 6.133950e-03
31550.0 6.110425e-03
31650.0 6.067854e-03
31750.0 6.049646e-03
31850.0 6.034274e-03
31950.0 6.032009e-03
32100.0 5.998985e-03
32300.0 5.954774e-03
32500.0 5.918094e-03
32700.0 5.854642e-03
32900.0 5.760007e-03
33100.0 5.730877e-03
33300.0 5.673754e-03
33500.0 5.611365e-03
33700.0 5.532860e-03
33900.0 5.456455e-03
34100.0 5.370216e-03
34300.0 5.299151e-03
34500.0 5.217409e-03
34700.0 5.129694e-03
34900.0 5.048586e-03
35100.0 4.967835e-03
35300.0 4.875401e-03
35500.0 4.795682e-03
35700.0 4.706924e-03
35900.0 4.624615e-03
36100.0 4.559077e-03
36300.0 4.471371e-03
36500.0 4.388042e-03
36700.0 4.308464e-03
36900.0 4.218785e-03
37100.0 4.141395e-03
37300.0 4.068460e-03
37500.0 3.974928e-03
37700.0 3.915109e-03
37900.0 3.838685e-03
38100.0 3.775213e-03
38300.0 3.709476e-03
38500.0 3.643569e-03
38700.0 3.564430e-03
38900.0 3.500699e-03
39100.0 3.432325e-03
39300.0 3.376328e-03
39500.0 3.299629e-03
39700.0 3.242370e-03
39900.0 3.171722e-03
40100.0 3.121744e-03
40300.0 3.068137e-03
40500.0 2.998629e-03
40700.0 2.953975e-03
40900.0 2.901731e-03
41100.0 2.855420e-03
41300.0 2.805331e-03
41500.0 2.753719e-03
41700.0 2.700181e-03
41900.0 2.662949e-03
42100.0 2.611641e-03
42300.0 2.575980e-03
42500.0 2.528125e-03
42700.0 2.489551e-03
42900.0 2.398359e-03
43100.0 2.312727e-03
43300.0 2.296946e-03
43500.0 2.216269e-03
43700.0 2.165954e-03
43900.0 2.130691e-03
44100.0 2.061002e-03
44300.0 2.033079e-03
44500.0 1.997628e-03
44700.0 1.944531e-03
44900.0 1.929491e-03
45100.0 1.888814e-03
45300.0 1.845739e-03
45500.0 1.832014e-03
45700.0 1.809210e-03
45900.0 1.759255e-03
46100.0 1.750971e-03
46300.0 1.721316e-03
46500.0 1.688962e-03
46700.0 1.675930e-03
46900.0 1.651627e-03
47100.0 1.622032e-03
47300.0 1.611687e-03
47500.0 1.580729e-03
47700.0 1.560367e-03
47900.0 1.540184e-03
48100.0 1.512161e-03
48300.0 1.503615e-03
48500.0 1.476782e-03
48700.0 1.452431e-03
48900.0 1.432514e-03
49100.0 1.412882e-03
49300.0 1.392723e-03
49500.0 1.369939e-03
49700.0 1.357297e-03
49900.0 1.332636e-03
50100.0 1.318519e-03
50300.0 1.300627e-03
50500.0 1.278023e-03
50700.0 1.264068e-03
50900.0 1.247026e-03
51100.0 1.227073e-03
51300.0 1.211677e-03
51500.0 1.195865e-03
51700.0 1.185768e-03
51900.0 1.167130e-03
52100.0 1.152383e-03
52300.0 1.134451e-03
52500.0 1.122128e-03
52700.0 1.112194e-03
52900.0 1.090520e-03
53100.0 1.075418e-03
53300.0 1.063954e-03
53500.0 1.049569e-03
53700.0 1.036506e-03
53900.0 1.023515e-03
54100.0 1.010312e-03
54300.0 9.944631e-04
54500.0 9.860427e-04
54700.0 9.710353e-04
54900.0 9.601095e-04
55100.0 9.469753e-04
55300.0 9.426596e-04
55500.0 9.233370e-04
55700.0 9.170613e-04
55900.0 9.029016e-04
56100.0 8.943097e-04
56300.0 8.799258e-04
56500.0 8.723993e-04
56700.0 8.615987e-04
56900.0 8.480118e-04
57100.0 8.414509e-04
57300.0 8.309728e-04
57500.0 8.208710e-04
57700.0 8.100996e-04
57900.0 8.025482e-04
58100.0 7.911873e-04
58300.0 7.821542e-04
58500.0 7.729621e-04
58700.0 7.620282e-04
58900.0 7.531954e-04
59100.0 7.431901e-04
59300.0 7.366278e-04
59500.0 7.267359e-04
59700.0 7.196851e-04
59900.0 7.111833e-04
60100.0 7.026608e-04
60300.0 6.943197e-04
60500.0 6.850678e-04
60700.0 6.772133e-04
60900.0 6.690795e-04
61100.0 6.608419e-04
61300.0 6.539447e-04
61500.0 6.467631e-04
61700.0 6.399683e-04
61900.0 6.323299e-04
62100.0 6.253782e-04
62300.0 6.173425e-04
62500.0 6.095813e-04
62700.0 6.027023e-04
62900.0 5.961786e-04
63100.0 5.889787e-04
63300.0 5.833317e-04
63500.0 5.761338e-04
63700.0 5.704877e-04
63900.0 5.633275e-04
64200.0 5.540213e-04
64600.0 5.412865e-04
65000.0 5.293144e-04
65400.0 5.174390e-04
65800.0 5.063689e-04
66200.0 4.950120e-04
66600.0 4.842681e-04
67000.0 4.737428e-04
67400.0 4.632170e-04
67800.0 4.532949e-04
68200.0 4.434493e-04
68600.0 4.341438e-04
69000.0 4.247018e-04
69400.0 4.157277e-04
69800.0 4.069655e-04
70200.0 3.982807e-04
70600.0 3.900966e-04
71000.0 3.818955e-04
71400.0 3.740131e-04
71800.0 3.662260e-04
72200.0 3.587226e-04
72600.0 3.513206e-04
73000.0 3.441905e-04
73400.0 3.371267e-04
73800.0 3.304277e-04
74200.0 3.235922e-04
74600.0 3.166915e-04
75000.0 3.104682e-04
75400.0 3.046078e-04
75800.0 2.987722e-04
76200.0 2.929236e-04
76600.0 2.872076e-04
77000.0 2.815893e-04
77400.0 2.761434e-04
77800.0 2.708490e-04
78200.0 2.656464e-04
78600.0 2.605806e-04
79000.0 2.556194e-04
79400.0 2.507880e-04
79800.0 2.460718e-04
80200.0 2.414135e-04
80600.0 2.368964e-04
81000.0 2.325607e-04
81400.0 2.282017e-04
81800.0 2.240809e-04
82200.0 2.199706e-04
82600.0 2.159562e-04
83000.0 2.120212e-04
83400.0 2.081925e-04
83800.0 2.044271e-04
84200.0 2.008138e-04
84600.0 1.972203e-04
85000.0 1.937284e-04
85400.0 1.902968e-04
85800.0 1.869617e-04
86200.0 1.837097e-04
86600.0 1.804811e-04
87000.0 1.773430e-04
87400.0 1.743315e-04
87800.0 1.712968e-04
88200.0 1.683355e-04
88600.0 1.654809e-04
89000.0 1.626702e-04
89400.0 1.599304e-04
89800.0 1.571910e-04
90200.0 1.546184e-04
90600.0 1.520427e-04
91000.0 1.494402e-04
91400.0 1.469934e-04
91800.0 1.445990e-04
92200.0 1.422314e-04
92600.0 1.398939e-04
93000.0 1.376256e-04
93400.0 1.353756e-04
93800.0 1.331974e-04
94200.0 1.310518e-04
94600.0 1.289341e-04
95000.0 1.268773e-04
95400.0 1.248751e-04
95800.0 1.229004e-04
96200.0 1.209424e-04
96600.0 1.190564e-04
97000.0 1.171999e-04
97400.0 1.153076e-04
97800.0 1.135436e-04
98200.0 1.118236e-04
98600.0 1.100810e-04
99000.0 1.084104e-04
99400.0 1.067397e-04
99800.0 1.051132e-04
100200.0 1.035149e-04
200000.0 7.158660e-06
400000.0 4.853359e-07
600000.0 1.043476e-07
800000.0 3.667471e-08
1000000.0 1.699117e-08
1200000.0 9.390054e-09
1400000.0 5.852015e-09
1600000.0 3.973395e-09
