# Optical to Mid-Infrared quasar template
# from Hernan-Caballero et al. 2016, arXiv:1605.04867
# wavelength [Angstrom]
# flux [f_lambda]
1000.00  3.686e+00
1011.00  4.004e+00
1023.00  4.417e+00
1034.00  4.185e+00
1046.00  3.865e+00
1058.00  3.732e+00
1070.00  3.627e+00
1082.00  3.356e+00
1094.00  3.066e+00
1107.00  3.010e+00
1119.00  3.024e+00
1132.00  3.009e+00
1145.00  2.991e+00
1157.00  3.146e+00
1171.00  3.392e+00
1184.00  4.306e+00
1197.00  5.516e+00
1211.00  6.558e+00
1224.00  7.499e+00
1238.00  6.924e+00
1252.00  5.328e+00
1266.00  4.341e+00
1281.00  3.869e+00
1295.00  3.634e+00
1310.00  3.612e+00
1325.00  3.534e+00
1340.00  3.392e+00
1355.00  3.382e+00
1370.00  3.559e+00
1386.00  3.636e+00
1401.00  3.565e+00
1417.00  3.461e+00
1433.00  3.305e+00
1450.00  3.210e+00
1466.00  3.260e+00
1483.00  3.358e+00
1499.00  3.586e+00
1516.00  3.947e+00
1533.00  4.727e+00
1551.00  5.174e+00
1568.00  4.311e+00
1586.00  3.481e+00
1604.00  3.311e+00
1622.00  3.222e+00
1640.00  3.128e+00
1659.00  3.024e+00
1678.00  2.871e+00
1697.00  2.727e+00
1716.00  2.679e+00
1735.00  2.651e+00
1755.00  2.589e+00
1775.00  2.524e+00
1795.00  2.490e+00
1815.00  2.471e+00
1836.00  2.544e+00
1857.00  2.653e+00
1878.00  2.844e+00
1899.00  3.051e+00
1920.00  2.854e+00
1942.00  2.465e+00
1964.00  2.263e+00
1986.00  2.165e+00
2009.00  2.107e+00
2031.00  2.081e+00
2054.00  2.067e+00
2078.00  2.062e+00
2101.00  2.027e+00
2125.00  1.955e+00
2149.00  1.898e+00
2173.00  1.859e+00
2198.00  1.820e+00
2223.00  1.786e+00
2248.00  1.776e+00
2273.00  1.805e+00
2299.00  1.825e+00
2325.00  1.830e+00
2351.00  1.830e+00
2378.00  1.817e+00
2405.00  1.807e+00
2432.00  1.804e+00
2460.00  1.794e+00
2487.00  1.772e+00
2515.00  1.746e+00
2544.00  1.710e+00
2573.00  1.674e+00
2602.00  1.640e+00
2631.00  1.606e+00
2661.00  1.565e+00
2691.00  1.540e+00
2722.00  1.605e+00
2752.00  1.687e+00
2783.00  1.782e+00
2815.00  1.852e+00
2847.00  1.699e+00
2879.00  1.507e+00
2912.00  1.448e+00
2945.00  1.425e+00
2978.00  1.355e+00
3012.00  1.273e+00
3046.00  1.244e+00
3080.00  1.237e+00
3115.00  1.240e+00
3150.00  1.249e+00
3186.00  1.244e+00
3222.00  1.234e+00
3258.00  1.206e+00
3295.00  1.165e+00
3332.00  1.129e+00
3370.00  1.095e+00
3408.00  1.068e+00
3447.00  1.047e+00
3486.00  1.016e+00
3525.00  9.723e-01
3565.00  9.413e-01
3605.00  9.248e-01
3646.00  9.062e-01
3687.00  8.852e-01
3729.00  8.593e-01
3771.00  8.260e-01
3814.00  7.998e-01
3857.00  7.877e-01
3901.00  7.686e-01
3945.00  7.318e-01
3990.00  7.004e-01
4035.00  6.845e-01
4080.00  6.686e-01
4127.00  6.481e-01
4173.00  6.307e-01
4220.00  6.230e-01
4268.00  6.225e-01
4316.00  6.501e-01
4365.00  6.698e-01
4415.00  6.313e-01
4465.00  5.899e-01
4515.00  5.882e-01
4566.00  5.899e-01
4618.00  5.603e-01
4670.00  5.280e-01
4723.00  5.281e-01
4776.00  5.398e-01
4830.00  5.926e-01
4885.00  6.530e-01
4940.00  6.405e-01
4996.00  6.010e-01
5053.00  5.379e-01
5110.00  4.673e-01
5168.00  4.437e-01
5226.00  4.444e-01
5285.00  4.398e-01
5345.00  4.325e-01
5406.00  4.175e-01
5467.00  3.970e-01
5529.00  3.755e-01
5591.00  3.529e-01
5654.00  3.379e-01
5718.00  3.304e-01
5783.00  3.297e-01
5848.00  3.371e-01
5915.00  3.345e-01
5982.00  3.181e-01
6049.00  3.061e-01
6118.00  3.011e-01
6187.00  3.003e-01
6257.00  3.072e-01
6328.00  3.353e-01
6399.00  4.127e-01
6472.00  5.249e-01
6545.00  7.309e-01
6619.00  8.265e-01
6694.00  5.632e-01
6769.00  3.286e-01
6846.00  2.838e-01
6923.00  2.613e-01
7002.00  2.536e-01
7081.00  2.477e-01
7161.00  2.407e-01
7242.00  2.336e-01
7324.00  2.264e-01
7407.00  2.193e-01
7491.00  2.119e-01
7575.00  2.052e-01
7661.00  2.032e-01
7748.00  2.021e-01
7835.00  1.978e-01
7924.00  1.926e-01
8014.00  1.888e-01
8104.00  1.857e-01
8196.00  1.858e-01
8289.00  1.870e-01
8383.00  1.786e-01
8477.00  1.658e-01
8899.00  1.354e-01
10410.00  1.428e-01
11653.00  1.453e-01
12832.00  1.269e-01
14555.00  1.273e-01
15819.00  1.275e-01
17050.00  1.354e-01
17150.00  1.341e-01
17260.00  1.301e-01
17360.00  1.339e-01
17460.00  1.267e-01
17570.00  1.316e-01
17670.00  1.283e-01
17780.00  1.281e-01
17890.00  1.292e-01
17990.00  1.310e-01
18100.00  1.378e-01
18210.00  1.352e-01
18320.00  1.352e-01
18430.00  1.410e-01
18540.00  1.426e-01
18650.00  1.561e-01
18770.00  1.637e-01
18880.00  1.510e-01
18990.00  1.400e-01
19110.00  1.376e-01
19220.00  1.378e-01
19340.00  1.360e-01
19450.00  1.329e-01
19570.00  1.309e-01
19690.00  1.335e-01
19810.00  1.321e-01
19930.00  1.291e-01
20040.00  1.236e-01
20170.00  1.273e-01
20290.00  1.307e-01
20410.00  1.260e-01
20530.00  1.270e-01
20650.00  1.328e-01
20780.00  1.303e-01
20900.00  1.283e-01
21030.00  1.256e-01
21160.00  1.264e-01
21280.00  1.277e-01
21410.00  1.242e-01
21540.00  1.313e-01
21670.00  1.309e-01
21800.00  1.278e-01
21930.00  1.257e-01
22060.00  1.248e-01
22200.00  1.222e-01
22330.00  1.264e-01
22460.00  1.276e-01
22600.00  1.249e-01
22730.00  1.215e-01
22870.00  1.229e-01
23010.00  1.277e-01
23150.00  1.279e-01
23290.00  1.260e-01
23430.00  1.262e-01
23570.00  1.266e-01
23710.00  1.246e-01
23850.00  1.252e-01
23990.00  1.242e-01
24140.00  1.265e-01
24280.00  1.240e-01
24430.00  1.244e-01
24580.00  1.240e-01
24720.00  1.234e-01
24870.00  1.230e-01
25020.00  1.220e-01
25170.00  1.213e-01
25320.00  1.222e-01
25480.00  1.207e-01
25630.00  1.205e-01
25780.00  1.203e-01
25940.00  1.228e-01
26090.00  1.240e-01
26250.00  1.243e-01
26410.00  1.205e-01
26570.00  1.220e-01
26730.00  1.217e-01
26890.00  1.179e-01
27050.00  1.166e-01
27210.00  1.166e-01
27380.00  1.182e-01
27540.00  1.159e-01
27710.00  1.159e-01
27870.00  1.185e-01
28040.00  1.169e-01
28210.00  1.165e-01
28380.00  1.158e-01
28550.00  1.138e-01
28720.00  1.147e-01
28890.00  1.156e-01
29070.00  1.134e-01
29240.00  1.119e-01
29420.00  1.104e-01
29600.00  1.109e-01
29770.00  1.125e-01
29950.00  1.138e-01
30130.00  1.128e-01
30310.00  1.115e-01
30500.00  1.102e-01
30680.00  1.074e-01
30860.00  1.077e-01
31050.00  1.077e-01
31240.00  1.079e-01
31420.00  1.083e-01
31610.00  1.084e-01
31800.00  1.073e-01
31990.00  1.070e-01
32190.00  1.063e-01
32380.00  1.057e-01
32580.00  1.049e-01
32770.00  1.053e-01
32970.00  1.052e-01
33170.00  1.042e-01
33370.00  1.032e-01
33570.00  1.028e-01
33770.00  1.030e-01
33970.00  1.021e-01
34180.00  1.011e-01
34380.00  1.008e-01
34590.00  9.988e-02
34800.00  9.785e-02
35000.00  9.722e-02
35220.00  9.763e-02
35430.00  9.663e-02
35640.00  9.676e-02
35850.00  9.671e-02
36070.00  9.477e-02
36290.00  9.408e-02
36500.00  9.315e-02
36720.00  9.219e-02
36950.00  9.236e-02
37170.00  9.221e-02
37390.00  9.192e-02
37620.00  9.150e-02
37840.00  9.114e-02
38070.00  9.052e-02
38300.00  8.951e-02
38530.00  8.885e-02
38760.00  8.833e-02
38990.00  8.795e-02
39230.00  8.785e-02
39460.00  8.773e-02
39700.00  8.737e-02
39940.00  8.670e-02
40180.00  8.566e-02
40420.00  8.649e-02
40660.00  8.698e-02
40910.00  8.538e-02
41150.00  8.439e-02
41400.00  8.367e-02
41650.00  8.347e-02
41900.00  8.179e-02
42150.00  8.139e-02
42410.00  8.062e-02
42660.00  8.132e-02
42920.00  8.040e-02
43180.00  7.932e-02
43440.00  7.859e-02
43700.00  7.828e-02
43960.00  7.809e-02
44220.00  7.732e-02
44490.00  7.775e-02
44760.00  7.757e-02
45030.00  7.619e-02
45300.00  7.597e-02
45570.00  7.560e-02
45840.00  7.500e-02
46120.00  7.438e-02
46400.00  7.413e-02
46680.00  7.347e-02
46960.00  7.373e-02
47240.00  7.223e-02
47520.00  7.094e-02
47810.00  7.118e-02
48100.00  7.028e-02
48390.00  6.897e-02
48680.00  6.798e-02
48970.00  6.722e-02
49260.00  6.672e-02
49560.00  6.710e-02
49860.00  6.581e-02
50160.00  6.526e-02
50460.00  6.563e-02
50760.00  6.412e-02
51070.00  6.384e-02
51370.00  6.389e-02
51680.00  6.208e-02
51990.00  6.234e-02
52310.00  6.246e-02
52620.00  6.281e-02
52940.00  6.133e-02
53260.00  6.046e-02
53580.00  6.033e-02
53900.00  5.944e-02
54220.00  5.888e-02
54550.00  5.871e-02
54880.00  5.907e-02
55210.00  5.836e-02
55540.00  5.764e-02
55870.00  5.757e-02
56210.00  5.763e-02
56550.00  5.735e-02
56890.00  5.698e-02
57230.00  5.584e-02
57570.00  5.488e-02
57920.00  5.437e-02
58270.00  5.422e-02
58620.00  5.343e-02
58970.00  5.245e-02
59320.00  5.303e-02
59680.00  5.256e-02
60040.00  5.193e-02
60400.00  5.159e-02
60760.00  5.125e-02
61130.00  5.157e-02
61500.00  5.172e-02
61870.00  5.207e-02
62240.00  5.251e-02
62610.00  5.247e-02
62990.00  5.152e-02
63370.00  5.092e-02
63750.00  5.066e-02
64130.00  4.936e-02
64520.00  4.893e-02
64910.00  4.868e-02
65300.00  4.845e-02
65690.00  4.855e-02
66080.00  4.802e-02
66480.00  4.718e-02
66880.00  4.684e-02
67280.00  4.628e-02
67690.00  4.588e-02
68090.00  4.599e-02
68500.00  4.573e-02
68920.00  4.507e-02
69330.00  4.425e-02
69750.00  4.483e-02
70170.00  4.468e-02
70590.00  4.373e-02
71010.00  4.363e-02
71440.00  4.326e-02
71870.00  4.220e-02
72300.00  4.209e-02
72740.00  4.252e-02
73170.00  4.262e-02
73610.00  4.295e-02
74060.00  4.243e-02
74500.00  4.198e-02
74950.00  4.246e-02
75400.00  4.230e-02
75850.00  4.318e-02
76310.00  4.322e-02
76770.00  4.230e-02
77230.00  4.218e-02
77690.00  4.150e-02
78160.00  4.112e-02
78630.00  4.105e-02
79100.00  4.106e-02
79580.00  4.033e-02
80060.00  3.977e-02
80540.00  3.996e-02
81020.00  3.920e-02
81510.00  3.883e-02
82000.00  3.898e-02
82490.00  3.891e-02
82990.00  3.856e-02
83490.00  3.853e-02
83990.00  3.805e-02
84500.00  3.773e-02
85000.00  3.830e-02
85520.00  3.831e-02
86030.00  3.791e-02
86550.00  3.810e-02
87070.00  3.749e-02
87590.00  3.733e-02
88120.00  3.742e-02
88650.00  3.699e-02
89180.00  3.653e-02
89720.00  3.664e-02
90260.00  3.680e-02
90800.00  3.684e-02
91340.00  3.679e-02
91890.00  3.626e-02
92450.00  3.647e-02
93000.00  3.659e-02
93560.00  3.668e-02
94120.00  3.668e-02
94690.00  3.659e-02
95260.00  3.676e-02
95830.00  3.669e-02
96410.00  3.697e-02
96990.00  3.674e-02
97570.00  3.659e-02
98160.00  3.627e-02
98750.00  3.571e-02
99340.00  3.586e-02
99940.00  3.579e-02
100500.00  3.532e-02
101100.00  3.519e-02
101800.00  3.490e-02
102400.00  3.471e-02
103000.00  3.477e-02
103600.00  3.453e-02
104200.00  3.442e-02
104800.00  3.457e-02
105500.00  3.449e-02
106100.00  3.381e-02
106800.00  3.291e-02
107400.00  3.301e-02
108000.00  3.275e-02
108700.00  3.220e-02
109300.00  3.220e-02
