# QSO template of high luminosity quasars from Krawczyk et al. (2013)
#  lambda	f_lambda  error
# angstrom	arbitrary arbitrary
      1.25   273.53  648.71
      1.31   261.22  619.52
      1.37   249.46  591.63
      1.43   238.23  565.01
      1.50   227.51  539.58
      1.57   217.27  515.29
      1.65   207.49  492.10
      1.73   198.15  469.95
      1.81   189.23  448.80
      1.89   180.72  428.60
      1.98   172.58  409.31
      2.07   164.82  390.89
      2.17   157.40  373.30
      2.27   150.31  356.49
      2.38   143.55  340.45
      2.49   137.09  325.13
      2.61   130.92  310.49
      2.73   125.03  296.52
      2.86   119.40  283.17
      3.00   114.02  270.43
      3.14   108.89  258.26
      3.29   103.99  246.63
      3.44   99.31  235.53
      3.60   94.84  224.93
      3.77   90.57  214.81
      3.95   86.50  205.14
      4.14   82.60  195.91
      4.33   78.89  187.09
      4.54   75.34  178.67
      4.75   71.94  170.63
      4.98   68.71  162.95
      5.21   65.61  155.62
      5.46   62.66  148.61
      5.71   59.84  141.92
      5.98   57.15  135.54
      6.26   54.58  129.44
      6.56   52.12  123.61
      6.87   49.77  118.05
      7.19   47.53  112.73
      7.53   45.39  107.66
      7.89   43.35  102.81
      8.26   41.40  98.19
      8.65   39.54  93.77
      9.05   37.76  89.55
      9.48   36.06  85.52
      9.93   34.43  81.67
     10.39   32.89  77.99
     10.88   31.41  74.48
     11.40   29.99  71.13
     11.93   28.64  67.93
     12.50   27.35  64.87
     13.09   26.12  61.95
     13.70   24.95  59.16
     14.35   23.82  56.50
     15.03   22.75  53.96
     15.73   21.73  51.53
     16.47   20.75  49.21
     17.25   19.82  47.00
     18.06   18.92  44.88
     18.92   18.07  42.86
     19.81   17.26  40.93
     20.74   16.48  39.09
     21.72   15.74  37.33
     22.74   15.03  35.65
     23.81   14.35  34.04
     24.94   13.71  32.51
     26.11   13.09  31.05
     27.34   12.50  29.65
     28.63   11.94  28.32
     29.98   11.40  27.04
     31.39   10.89  25.83
     32.87   10.40  24.66
     34.42   9.93  23.55
     36.04   9.48  22.49
     37.74   9.06  21.48
     39.52   8.65  20.51
     41.38   8.26  19.59
     43.33   7.89  18.71
     45.38   7.53  17.87
     47.51   7.19  17.06
     49.75   6.87  16.29
     52.10   6.56  15.56
     54.55   6.27  14.86
     57.12   5.98  14.19
     59.82   5.71  13.55
     62.64   5.53  13.12
     65.59   5.62  13.21
     68.68   5.71  13.29
     71.92   5.81  13.37
     75.30   5.90  13.45
     78.85   6.00  13.53
     82.57   6.10  13.61
     86.46   6.19  13.69
     90.54   6.30  13.92
     94.80   6.40  13.99
     99.27   6.50  14.07
    103.95   6.59  14.12
    108.85   6.70  14.19
    113.98   6.81  14.26
    119.35   6.92  14.34
    124.97   7.03  14.41
    130.86   7.14  14.48
    137.03   7.26  14.55
    143.49   7.38  14.61
    150.25   7.50  14.68
    157.33   7.62  14.74
    164.75   7.73  14.77
    172.51   7.85  14.83
    180.64   7.98  14.88
    189.16   8.11  14.75
    198.07   8.24  14.80
    207.41   8.38  14.85
    217.18   8.51  14.89
    227.42   8.65  14.94
    238.13   8.79  14.98
    249.36   8.93  14.81
    261.11   9.06  14.81
    273.41   9.20  14.84
    286.30   9.35  14.86
    299.79   9.51  14.67
    313.92   9.66  14.68
    328.72   9.82  14.69
    344.21   9.98  14.47
    360.43   10.14  14.47
    377.42   10.30  14.24
    395.20   10.47  14.23
    413.83   10.62  13.93
    433.33   10.79  13.91
    453.75   10.96  13.63
    475.14   11.14  13.60
    497.53   11.32  13.30
    520.98   11.51  12.98
    545.53   11.69  12.66
    571.24   11.89  12.31
    598.16   12.08  11.96
    626.36   12.27  11.59
    655.87   12.45  11.18
    686.78   12.65  10.78
    719.15   12.85  10.06
    753.04   13.06  9.62
    788.53   13.27  8.86
    825.70   13.49  8.08
    864.61   13.30  7.66
    905.36   13.15  7.27
    948.03   13.00  7.19
    992.71   12.85  6.81
   1039.49   12.68  6.71
   1088.48   12.50  6.62
   1139.78   12.25  6.49
   1193.50   11.97  6.06
   1249.74   11.59  5.87
   1308.64   11.14  5.64
   1370.32   10.64  5.15
   1434.90   10.07  4.87
   1502.52   9.46  4.36
   1573.33   8.85  4.08
   1647.48   8.24  3.80
   1725.13   7.66  3.53
   1806.43   7.10  3.27
   1891.56   6.56  3.02
   1980.71   6.08  2.80
   2074.06   5.66  2.61
   2171.80   5.30  2.44
   2274.16   4.98  2.29
   2381.34   4.71  2.17
   2493.57   4.48  2.06
   2611.08   4.23  1.95
   2734.14   3.94  1.82
   2863.00   3.65  1.68
   2997.92   3.33  1.54
   3139.21   3.02  1.39
   3287.16   2.72  1.25
   3442.08   2.44  1.13
   3604.30   2.20  1.01
   3774.16   1.98  0.91
   3952.03   1.79  0.87
   4138.29   1.64  0.79
   4333.32   1.51  0.73
   4537.54   1.39  0.67
   4751.39   1.27  0.62
   4975.32   1.17  0.57
   5209.80   1.08  0.52
   5455.33   1.00  0.48
   5712.43   0.93  0.47
   5981.65   0.86  0.44
   6263.55   0.80  0.41
   6558.74   0.74  0.38
   6867.85   0.68  0.35
   7191.52   0.63  0.30
   7530.45   0.58  0.28
   7885.35   0.53  0.26
   8256.97   0.49  0.24
   8646.11   0.45  0.22
   9053.59   0.42  0.20
   9480.27   0.39  0.18
   9927.06   0.36  0.17
  10394.91   0.34  0.16
  10884.81   0.32  0.15
  11397.79   0.30  0.14
  11934.95   0.29  0.14
  12497.43   0.28  0.13
  13086.42   0.27  0.13
  13703.16   0.26  0.13
  14348.97   0.26  0.12
  15025.22   0.25  0.12
  15733.33   0.25  0.13
  16474.82   0.26  0.13
  17251.26   0.26  0.13
  18064.28   0.26  0.13
  18915.63   0.26  0.13
  19807.09   0.26  0.13
  20740.57   0.25  0.13
  21718.04   0.25  0.13
  22741.58   0.24  0.12
  23813.36   0.23  0.12
  24935.65   0.23  0.11
  26110.83   0.22  0.11
  27341.40   0.21  0.10
  28629.96   0.20  0.10
  29979.25   0.19  0.09
  31392.12   0.18  0.09
  32871.59   0.17  0.09
  34420.78   0.16  0.08
  36042.98   0.15  0.08
  37741.63   0.14  0.08
  39520.34   0.13  0.07
  41382.88   0.13  0.07
  43333.19   0.12  0.06
  45375.42   0.12  0.06
  47513.90   0.11  0.06
  49753.16   0.10  0.06
  52097.96   0.10  0.06
  54553.26   0.10  0.05
  57124.28   0.09  0.05
  59816.46   0.09  0.05
  62635.52   0.09  0.05
  65587.44   0.08  0.05
  68678.48   0.08  0.04
  71915.20   0.08  0.04
  75304.46   0.07  0.04
  78853.45   0.07  0.04
  82569.70   0.07  0.04
  86461.09   0.07  0.04
  90535.87   0.06  0.04
  94802.70   0.06  0.04
  99270.61   0.06  0.03
 103949.09   0.06  0.03
 108848.06   0.06  0.03
 113977.91   0.05  0.03
 119349.53   0.05  0.03
 124974.30   0.05  0.03
 130864.15   0.04  0.03
 137031.59   0.04  0.02
 143489.69   0.04  0.02
 150252.15   0.04  0.02
 157333.32   0.03  0.02
 164748.21   0.03  0.02
 172512.55   0.03  0.02
 180642.82   0.03  0.02
 189156.25   0.03  0.02
 198070.91   0.03  0.01
 207405.71   0.02  0.01
 217180.44   0.02  0.01
 227415.84   0.02  0.01
 238133.61   0.02  0.01
 249356.51   0.02  0.01
 261108.32   0.02  0.01
 273413.97   0.02  0.01
 286299.57   0.01  0.01
 299792.46   0.01  0.01
