1000.90 2.202e+01
1002.90 2.187e+01
1004.90 2.181e+01
1006.90 2.180e+01
1008.90 2.233e+01
1010.90 2.245e+01
1012.90 2.257e+01
1014.90 2.269e+01
1016.90 2.324e+01
1018.90 2.409e+01
1020.90 2.518e+01
1022.90 2.619e+01
1024.90 2.826e+01
1026.90 3.023e+01
1028.90 3.152e+01
1030.90 3.175e+01
1032.90 3.123e+01
1034.90 3.168e+01
1036.90 2.766e+01
1038.90 2.494e+01
1040.90 2.195e+01
1042.90 2.315e+01
1044.90 2.193e+01
1046.90 2.132e+01
1048.90 2.106e+01
1050.90 2.116e+01
1052.90 2.112e+01
1054.90 2.140e+01
1056.90 2.164e+01
1058.90 2.222e+01
1060.90 2.066e+01
1062.90 2.020e+01
1064.90 2.051e+01
1066.90 1.984e+01
1068.90 1.952e+01
1070.90 1.970e+01
1072.90 1.988e+01
1074.90 1.959e+01
1076.90 1.928e+01
1078.90 1.888e+01
1080.90 1.914e+01
1082.90 1.845e+01
1084.90 1.799e+01
1086.90 1.785e+01
1088.90 1.778e+01
1090.90 1.744e+01
1092.90 1.644e+01
1094.90 1.687e+01
1096.90 1.779e+01
1098.90 1.746e+01
1100.90 1.744e+01
1102.90 1.787e+01
1104.90 1.774e+01
1106.90 1.844e+01
1108.90 1.889e+01
1110.90 1.839e+01
1112.90 1.851e+01
1114.90 1.912e+01
1116.90 1.897e+01
1118.90 1.800e+01
1120.90 1.802e+01
1122.90 1.922e+01
1124.90 1.859e+01
1126.90 1.882e+01
1128.90 1.969e+01
1130.90 1.922e+01
1132.90 1.898e+01
1134.90 1.901e+01
1136.90 1.876e+01
1138.90 1.952e+01
1140.90 1.798e+01
1142.90 1.854e+01
1144.90 1.909e+01
1146.90 1.904e+01
1148.90 1.980e+01
1150.90 1.925e+01
1152.90 1.998e+01
1154.90 2.143e+01
1156.90 1.905e+01
1158.90 1.829e+01
1160.90 2.040e+01
1162.90 2.111e+01
1164.90 2.149e+01
1166.90 2.238e+01
1168.90 2.152e+01
1170.90 2.203e+01
1172.90 2.417e+01
1174.90 2.356e+01
1176.90 2.319e+01
1178.90 2.403e+01
1180.90 2.609e+01
1182.90 2.648e+01
1184.90 2.744e+01
1186.90 2.864e+01
1188.90 2.981e+01
1190.90 3.105e+01
1192.90 3.118e+01
1194.90 3.325e+01
1196.90 3.563e+01
1198.90 3.670e+01
1200.90 3.928e+01
1202.90 4.194e+01
1204.90 4.487e+01
1206.90 4.777e+01
1208.90 4.906e+01
1210.90 5.667e+01
1212.90 6.193e+01
1214.90 6.716e+01
1216.90 5.980e+01
1218.90 4.727e+01
1220.90 4.427e+01
1222.90 4.161e+01
1224.90 4.016e+01
1226.90 3.876e+01
1228.90 3.822e+01
1230.90 3.753e+01
1232.90 3.789e+01
1234.90 3.856e+01
1236.90 3.870e+01
1238.90 3.682e+01
1240.90 3.468e+01
1242.90 3.229e+01
1244.90 2.932e+01
1246.90 2.744e+01
1248.90 2.636e+01
1250.90 2.539e+01
1252.90 2.466e+01
1254.90 2.395e+01
1256.90 2.377e+01
1258.90 2.332e+01
1260.90 2.280e+01
1262.90 2.242e+01
1264.90 2.184e+01
1266.90 2.113e+01
1268.90 2.042e+01
1270.90 1.994e+01
1272.90 1.966e+01
1274.90 1.960e+01
1276.90 1.940e+01
1278.90 1.903e+01
1280.90 1.907e+01
1282.90 1.903e+01
1284.90 1.883e+01
1286.90 1.901e+01
1288.90 1.889e+01
1290.90 1.863e+01
1292.90 1.876e+01
1294.90 1.906e+01
1296.90 1.907e+01
1298.90 1.912e+01
1300.90 1.920e+01
1302.90 1.915e+01
1304.90 1.890e+01
1306.90 1.860e+01
1308.90 1.814e+01
1310.90 1.779e+01
1312.90 1.746e+01
1314.90 1.727e+01
1316.90 1.727e+01
1318.90 1.701e+01
1320.90 1.697e+01
1322.90 1.722e+01
1324.90 1.729e+01
1326.90 1.734e+01
1328.90 1.743e+01
1330.90 1.732e+01
1332.90 1.746e+01
1334.90 1.786e+01
1336.90 1.768e+01
1338.90 1.743e+01
1340.90 1.739e+01
1342.90 1.733e+01
1344.90 1.723e+01
1346.90 1.720e+01
1348.90 1.725e+01
1350.90 1.722e+01
1352.90 1.715e+01
1354.90 1.716e+01
1356.90 1.718e+01
1358.90 1.722e+01
1360.90 1.728e+01
1362.90 1.730e+01
1364.90 1.734e+01
1366.90 1.726e+01
1368.90 1.726e+01
1370.90 1.742e+01
1372.90 1.756e+01
1374.90 1.766e+01
1376.90 1.782e+01
1378.90 1.806e+01
1380.90 1.820e+01
1382.90 1.825e+01
1384.90 1.868e+01
1386.90 1.895e+01
1388.90 1.907e+01
1390.90 1.954e+01
1392.90 1.995e+01
1394.90 1.966e+01
1396.90 1.947e+01
1398.90 1.955e+01
1400.90 1.957e+01
1402.90 1.917e+01
1404.90 1.854e+01
1406.90 1.798e+01
1408.90 1.755e+01
1410.90 1.699e+01
1412.90 1.685e+01
1414.90 1.683e+01
1416.90 1.678e+01
1418.90 1.659e+01
1420.90 1.644e+01
1422.90 1.620e+01
1424.90 1.611e+01
1426.90 1.602e+01
1428.90 1.591e+01
1430.90 1.577e+01
1432.90 1.562e+01
1434.90 1.549e+01
1436.90 1.545e+01
1438.90 1.544e+01
1440.90 1.536e+01
1442.90 1.537e+01
1444.90 1.534e+01
1446.90 1.531e+01
1448.90 1.528e+01
1450.90 1.527e+01
1452.90 1.530e+01
1454.90 1.522e+01
1456.90 1.517e+01
1458.90 1.514e+01
1460.90 1.515e+01
1462.90 1.522e+01
1464.90 1.507e+01
1466.90 1.497e+01
1468.90 1.500e+01
1470.90 1.514e+01
1472.90 1.521e+01
1474.90 1.517e+01
1476.90 1.507e+01
1478.90 1.518e+01
1480.90 1.567e+01
1482.90 1.563e+01
1484.90 1.560e+01
1486.90 1.589e+01
1488.90 1.595e+01
1490.90 1.609e+01
1492.90 1.617e+01
1494.90 1.616e+01
1496.90 1.613e+01
1498.90 1.635e+01
1500.90 1.648e+01
1502.90 1.650e+01
1504.90 1.651e+01
1506.90 1.649e+01
1508.90 1.667e+01
1510.90 1.687e+01
1512.90 1.706e+01
1514.90 1.727e+01
1516.90 1.754e+01
1518.90 1.725e+01
1520.90 1.688e+01
1522.90 1.772e+01
1524.90 1.877e+01
1526.90 1.957e+01
1528.90 2.013e+01
1530.90 2.067e+01
1532.90 2.128e+01
1534.90 2.185e+01
1536.90 2.254e+01
1538.90 2.293e+01
1540.90 2.349e+01
1542.90 2.467e+01
1544.90 2.516e+01
1546.90 2.539e+01
1548.90 2.517e+01
1550.90 2.389e+01
1552.90 2.221e+01
1554.90 2.096e+01
1556.90 2.003e+01
1558.90 1.931e+01
1560.90 1.876e+01
1562.90 1.823e+01
1564.90 1.764e+01
1566.90 1.731e+01
1568.90 1.709e+01
1570.90 1.678e+01
1572.90 1.654e+01
1574.90 1.637e+01
1576.90 1.618e+01
1578.90 1.592e+01
1580.90 1.573e+01
1582.90 1.564e+01
1584.90 1.550e+01
1586.90 1.537e+01
1588.90 1.526e+01
1590.90 1.528e+01
1592.90 1.516e+01
1594.90 1.508e+01
1596.90 1.507e+01
1598.90 1.503e+01
1600.90 1.500e+01
1602.90 1.504e+01
1604.90 1.496e+01
1606.90 1.489e+01
1608.90 1.487e+01
1610.90 1.484e+01
1612.90 1.483e+01
1614.90 1.484e+01
1616.90 1.490e+01
1618.90 1.484e+01
1620.90 1.482e+01
1622.90 1.483e+01
1624.90 1.486e+01
1626.90 1.489e+01
1628.90 1.488e+01
1630.90 1.488e+01
1632.90 1.491e+01
1634.90 1.488e+01
1636.90 1.491e+01
1638.90 1.494e+01
1640.90 1.481e+01
1642.90 1.456e+01
1644.90 1.441e+01
1646.90 1.432e+01
1648.90 1.430e+01
1650.90 1.426e+01
1652.90 1.422e+01
1654.90 1.420e+01
1656.90 1.420e+01
1658.90 1.423e+01
1660.90 1.412e+01
1662.90 1.410e+01
1664.90 1.412e+01
1666.90 1.401e+01
1668.90 1.386e+01
1670.90 1.371e+01
1672.90 1.355e+01
1674.90 1.341e+01
1676.90 1.331e+01
1678.90 1.316e+01
1680.90 1.302e+01
1682.90 1.294e+01
1684.90 1.282e+01
1686.90 1.278e+01
1688.90 1.278e+01
1690.90 1.273e+01
1692.90 1.266e+01
1694.90 1.268e+01
1696.90 1.264e+01
1698.90 1.264e+01
1700.90 1.267e+01
1702.90 1.247e+01
1704.90 1.255e+01
1706.90 1.260e+01
1708.90 1.256e+01
1710.90 1.266e+01
1712.90 1.268e+01
1714.90 1.274e+01
1716.90 1.269e+01
1718.90 1.267e+01
1720.90 1.280e+01
1722.90 1.282e+01
1724.90 1.285e+01
1726.90 1.286e+01
1728.90 1.284e+01
1730.90 1.280e+01
1732.90 1.277e+01
1734.90 1.274e+01
1736.90 1.277e+01
1738.90 1.279e+01
1740.90 1.280e+01
1742.90 1.283e+01
1744.90 1.285e+01
1746.90 1.282e+01
1748.90 1.281e+01
1750.90 1.275e+01
1752.90 1.267e+01
1754.90 1.259e+01
1756.90 1.254e+01
1758.90 1.247e+01
1760.90 1.242e+01
1762.90 1.241e+01
1764.90 1.237e+01
1766.90 1.233e+01
1768.90 1.228e+01
1770.90 1.227e+01
1772.90 1.229e+01
1774.90 1.227e+01
1776.90 1.228e+01
1778.90 1.226e+01
1780.90 1.230e+01
1782.90 1.232e+01
1784.90 1.232e+01
1786.90 1.226e+01
1788.90 1.218e+01
1790.90 1.211e+01
1792.90 1.202e+01
1794.90 1.199e+01
1796.90 1.196e+01
1798.90 1.187e+01
1800.90 1.187e+01
1802.90 1.190e+01
1804.90 1.188e+01
1806.90 1.162e+01
1808.90 1.168e+01
1810.90 1.181e+01
1812.90 1.174e+01
1814.90 1.191e+01
1816.90 1.196e+01
1818.90 1.193e+01
1820.90 1.190e+01
1822.90 1.194e+01
1824.90 1.194e+01
1826.90 1.197e+01
1828.90 1.201e+01
1830.90 1.199e+01
1832.90 1.204e+01
1834.90 1.210e+01
1836.90 1.218e+01
1838.90 1.230e+01
1840.90 1.237e+01
1842.90 1.240e+01
1844.90 1.248e+01
1846.90 1.263e+01
1848.90 1.280e+01
1850.90 1.272e+01
1852.90 1.277e+01
1854.90 1.300e+01
1856.90 1.300e+01
1858.90 1.307e+01
1860.90 1.307e+01
1862.90 1.309e+01
1864.90 1.314e+01
1866.90 1.281e+01
1868.90 1.270e+01
1870.90 1.301e+01
1872.90 1.296e+01
1874.90 1.298e+01
1876.90 1.300e+01
1878.90 1.307e+01
1880.90 1.315e+01
1882.90 1.324e+01
1884.90 1.339e+01
1886.90 1.358e+01
1888.90 1.377e+01
1890.90 1.387e+01
1892.90 1.400e+01
1894.90 1.419e+01
1896.90 1.427e+01
1898.90 1.428e+01
1900.90 1.444e+01
1902.90 1.462e+01
1904.90 1.476e+01
1906.90 1.487e+01
1908.90 1.484e+01
1910.90 1.464e+01
1912.90 1.430e+01
1914.90 1.395e+01
1916.90 1.359e+01
1918.90 1.331e+01
1920.90 1.306e+01
1922.90 1.279e+01
1924.90 1.261e+01
1926.90 1.246e+01
1928.90 1.230e+01
1930.90 1.214e+01
1932.90 1.198e+01
1934.90 1.182e+01
1936.90 1.170e+01
1938.90 1.160e+01
1940.90 1.151e+01
1942.90 1.143e+01
1944.90 1.134e+01
1946.90 1.127e+01
1948.90 1.121e+01
1950.90 1.112e+01
1952.90 1.108e+01
1954.90 1.104e+01
1956.90 1.098e+01
1958.90 1.094e+01
1960.90 1.084e+01
1962.90 1.080e+01
1964.90 1.076e+01
1966.90 1.074e+01
1968.90 1.066e+01
1970.90 1.059e+01
1972.90 1.055e+01
1974.90 1.050e+01
1976.90 1.048e+01
1978.90 1.046e+01
1980.90 1.044e+01
1982.90 1.041e+01
1984.90 1.039e+01
1986.90 1.035e+01
1988.90 1.037e+01
1990.90 1.037e+01
1992.90 1.032e+01
1994.90 1.031e+01
1996.90 1.030e+01
1998.90 1.026e+01
2000.90 1.027e+01
2002.90 1.019e+01
2004.90 1.012e+01
2006.90 1.009e+01
2008.90 1.004e+01
2010.90 1.000e+01
2012.90 9.951e+00
2014.90 9.932e+00
2016.90 9.897e+00
2018.90 9.862e+00
2020.90 9.820e+00
2022.90 9.796e+00
2024.90 9.778e+00
2026.90 9.766e+00
2028.90 9.772e+00
2030.90 9.773e+00
2032.90 9.724e+00
2034.90 9.740e+00
2036.90 9.736e+00
2038.90 9.727e+00
2040.90 9.783e+00
2042.90 9.801e+00
2044.90 9.763e+00
2046.90 9.709e+00
2048.90 9.760e+00
2050.90 9.793e+00
2052.90 9.833e+00
2054.90 9.872e+00
2056.90 9.905e+00
2058.90 9.951e+00
2060.90 9.961e+00
2062.90 1.001e+01
2064.90 1.005e+01
2066.90 1.005e+01
2068.90 1.005e+01
2070.90 1.006e+01
2072.90 1.005e+01
2074.90 1.003e+01
2076.90 1.001e+01
2078.90 9.992e+00
2080.90 9.978e+00
2082.90 9.946e+00
2084.90 9.937e+00
2086.90 9.969e+00
2088.90 9.944e+00
2090.90 9.873e+00
2092.90 9.827e+00
2094.90 9.799e+00
2096.90 9.723e+00
2098.90 9.678e+00
2100.90 9.660e+00
2102.90 9.618e+00
2104.90 9.595e+00
2106.90 9.539e+00
2108.90 9.483e+00
2110.90 9.448e+00
2112.90 9.401e+00
2114.90 9.353e+00
2116.90 9.299e+00
2118.90 9.229e+00
2120.90 9.181e+00
2122.90 9.115e+00
2124.90 9.080e+00
2126.90 9.061e+00
2128.90 9.026e+00
2130.90 9.034e+00
2132.90 9.007e+00
2134.90 8.986e+00
2136.90 8.949e+00
2138.90 8.878e+00
2140.90 8.886e+00
2142.90 8.901e+00
2144.90 8.874e+00
2146.90 8.845e+00
2148.90 8.807e+00
2150.90 8.794e+00
2152.90 8.785e+00
2154.90 8.748e+00
2156.90 8.739e+00
2158.90 8.730e+00
2160.90 8.725e+00
2162.90 8.724e+00
2164.90 8.707e+00
2166.90 8.699e+00
2168.90 8.691e+00
2170.90 8.700e+00
2172.90 8.704e+00
2174.90 8.692e+00
2176.90 8.680e+00
2178.90 8.668e+00
2180.90 8.656e+00
2182.90 8.632e+00
2184.90 8.617e+00
2186.90 8.581e+00
2188.90 8.563e+00
2190.90 8.477e+00
2192.90 8.420e+00
2194.90 8.420e+00
2196.90 8.403e+00
2198.90 8.377e+00
2200.90 8.373e+00
2202.90 8.370e+00
2204.90 8.363e+00
2206.90 8.369e+00
2208.90 8.354e+00
2210.90 8.302e+00
2212.90 8.291e+00
2214.90 8.272e+00
2216.90 8.270e+00
2218.90 8.276e+00
2220.90 8.281e+00
2222.90 8.282e+00
2224.90 8.347e+00
2226.90 8.354e+00
2228.90 8.280e+00
2230.90 8.293e+00
2232.90 8.249e+00
2234.90 8.192e+00
2236.90 8.213e+00
2238.90 8.196e+00
2240.90 8.167e+00
2242.90 8.160e+00
2244.90 8.139e+00
2246.90 8.148e+00
2248.90 8.112e+00
2250.90 8.113e+00
2252.90 8.112e+00
2254.90 8.102e+00
2256.90 8.114e+00
2258.90 8.093e+00
2260.90 8.078e+00
2262.90 8.076e+00
2264.90 8.066e+00
2266.90 8.047e+00
2268.90 8.005e+00
2270.90 8.001e+00
2272.90 7.974e+00
2274.90 7.989e+00
2276.90 8.045e+00
2278.90 8.065e+00
2280.90 8.098e+00
2282.90 8.104e+00
2284.90 8.080e+00
2286.90 8.086e+00
2288.90 8.115e+00
2290.90 8.153e+00
2292.90 8.187e+00
2294.90 8.211e+00
2296.90 8.236e+00
2298.90 8.246e+00
2300.90 8.257e+00
2302.90 8.273e+00
2304.90 8.318e+00
2306.90 8.351e+00
2308.90 8.323e+00
2310.90 8.320e+00
2312.90 8.349e+00
2314.90 8.380e+00
2316.90 8.385e+00
2318.90 8.410e+00
2320.90 8.427e+00
2322.90 8.439e+00
2324.90 8.447e+00
2326.90 8.488e+00
2328.90 8.500e+00
2330.90 8.518e+00
2332.90 8.518e+00
2334.90 8.459e+00
2336.90 8.414e+00
2338.90 8.377e+00
2340.90 8.362e+00
2342.90 8.332e+00
2344.90 8.306e+00
2346.90 8.276e+00
2348.90 8.247e+00
2350.90 8.232e+00
2352.90 8.204e+00
2354.90 8.210e+00
2356.90 8.215e+00
2358.90 8.174e+00
2360.90 8.131e+00
2362.90 8.137e+00
2364.90 8.137e+00
2366.90 8.100e+00
2368.90 8.063e+00
2370.90 8.059e+00
2372.90 8.074e+00
2374.90 8.062e+00
2376.90 8.089e+00
2378.90 8.091e+00
2380.90 8.096e+00
2382.90 8.181e+00
2384.90 8.239e+00
2386.90 8.222e+00
2388.90 8.220e+00
2390.90 8.204e+00
2392.90 8.196e+00
2394.90 8.190e+00
2396.90 8.202e+00
2398.90 8.188e+00
2400.90 8.152e+00
2402.90 8.267e+00
2404.90 8.477e+00
2406.90 8.528e+00
2408.90 8.556e+00
2410.90 8.566e+00
2412.90 8.562e+00
2414.90 8.591e+00
2416.90 8.634e+00
2418.90 8.600e+00
2420.90 8.563e+00
2422.90 8.582e+00
2424.90 8.596e+00
2426.90 8.541e+00
2428.90 8.498e+00
2430.90 8.471e+00
2432.90 8.415e+00
2434.90 8.379e+00
2436.90 8.345e+00
2438.90 8.325e+00
2440.90 8.318e+00
2442.90 8.283e+00
2444.90 8.274e+00
2446.90 8.195e+00
2448.90 8.113e+00
2450.90 8.097e+00
2452.90 8.080e+00
2454.90 8.054e+00
2456.90 8.000e+00
2458.90 8.007e+00
2460.90 8.026e+00
2462.90 8.051e+00
2464.90 8.079e+00
2466.90 8.114e+00
2468.90 8.126e+00
2470.90 8.148e+00
2472.90 8.127e+00
2474.90 8.102e+00
2476.90 8.093e+00
2478.90 8.097e+00
2480.90 8.101e+00
2482.90 8.099e+00
2484.90 8.147e+00
2486.90 8.198e+00
2488.90 8.194e+00
2490.90 8.173e+00
2492.90 8.151e+00
2494.90 8.150e+00
2496.90 8.134e+00
2498.90 8.097e+00
2500.90 8.099e+00
2502.90 8.069e+00
2504.90 8.080e+00
2506.90 8.046e+00
2508.90 7.998e+00
2510.90 8.004e+00
2512.90 7.968e+00
2514.90 7.904e+00
2516.90 7.877e+00
2518.90 7.881e+00
2520.90 7.851e+00
2522.90 7.824e+00
2524.90 7.815e+00
2526.90 7.809e+00
2528.90 7.782e+00
2530.90 7.754e+00
2532.90 7.733e+00
2534.90 7.717e+00
2536.90 7.721e+00
2538.90 7.749e+00
2540.90 7.747e+00
2542.90 7.723e+00
2544.90 7.702e+00
2546.90 7.679e+00
2548.90 7.702e+00
2550.90 7.711e+00
2552.90 7.650e+00
2554.90 7.630e+00
2556.90 7.582e+00
2558.90 7.588e+00
2560.90 7.613e+00
2562.90 7.593e+00
2564.90 7.555e+00
2566.90 7.558e+00
2568.90 7.562e+00
2570.90 7.507e+00
2572.90 7.487e+00
2574.90 7.500e+00
2576.90 7.507e+00
2578.90 7.528e+00
2580.90 7.537e+00
2582.90 7.493e+00
2584.90 7.458e+00
2586.90 7.481e+00
2588.90 7.487e+00
2590.90 7.436e+00
2592.90 7.413e+00
2594.90 7.399e+00
2596.90 7.380e+00
2598.90 7.356e+00
2600.90 7.348e+00
2602.90 7.344e+00
2604.90 7.339e+00
2606.90 7.346e+00
2608.90 7.348e+00
2610.90 7.328e+00
2612.90 7.271e+00
2614.90 7.253e+00
2616.90 7.248e+00
2618.90 7.217e+00
2620.90 7.213e+00
2622.90 7.165e+00
2624.90 7.163e+00
2626.90 7.129e+00
2628.90 7.110e+00
2630.90 7.098e+00
2632.90 7.045e+00
2634.90 7.016e+00
2636.90 6.993e+00
2638.90 6.945e+00
2640.90 6.938e+00
2642.90 6.920e+00
2644.90 6.912e+00
2646.90 6.899e+00
2648.90 6.903e+00
2650.90 6.879e+00
2652.90 6.857e+00
2654.90 6.847e+00
2656.90 6.802e+00
2658.90 6.766e+00
2660.90 6.784e+00
2662.90 6.819e+00
2664.90 6.809e+00
2666.90 6.792e+00
2668.90 6.770e+00
2670.90 6.767e+00
2672.90 6.857e+00
2674.90 6.880e+00
2676.90 6.896e+00
2678.90 6.884e+00
2680.90 6.846e+00
2682.90 6.830e+00
2684.90 6.830e+00
2686.90 6.834e+00
2688.90 6.840e+00
2690.90 6.844e+00
2692.90 6.860e+00
2694.90 6.871e+00
2696.90 6.842e+00
2698.90 6.879e+00
2700.90 6.874e+00
2702.90 6.866e+00
2704.90 6.892e+00
2706.90 6.910e+00
2708.90 6.918e+00
2710.90 6.935e+00
2712.90 6.946e+00
2714.90 6.973e+00
2716.90 7.006e+00
2718.90 7.011e+00
2720.90 7.024e+00
2722.90 7.021e+00
2724.90 7.057e+00
2726.90 7.101e+00
2728.90 7.148e+00
2730.90 7.080e+00
2732.90 7.107e+00
2734.90 7.146e+00
2736.90 7.134e+00
2738.90 7.161e+00
2740.90 7.203e+00
2742.90 7.180e+00
2744.90 7.219e+00
2746.90 7.276e+00
2748.90 7.277e+00
2750.90 7.341e+00
2752.90 7.367e+00
2754.90 7.351e+00
2756.90 7.378e+00
2758.90 7.369e+00
2760.90 7.388e+00
2762.90 7.380e+00
2764.90 7.379e+00
2766.90 7.442e+00
2768.90 7.484e+00
2770.90 7.487e+00
2772.90 7.471e+00
2774.90 7.559e+00
2776.90 7.732e+00
2778.90 7.829e+00
2780.90 7.903e+00
2782.90 8.080e+00
2784.90 8.199e+00
2786.90 8.327e+00
2788.90 8.513e+00
2790.90 8.646e+00
2792.90 8.781e+00
2794.90 8.931e+00
2796.90 9.035e+00
2798.90 9.106e+00
2800.90 9.081e+00
2802.90 8.943e+00
2804.90 8.834e+00
2806.90 8.692e+00
2808.90 8.515e+00
2810.90 8.337e+00
2812.90 8.213e+00
2814.90 8.021e+00
2816.90 7.867e+00
2818.90 7.791e+00
2820.90 7.661e+00
2822.90 7.568e+00
2824.90 7.461e+00
2826.90 7.375e+00
2828.90 7.374e+00
2830.90 7.273e+00
2832.90 7.242e+00
2834.90 7.237e+00
2836.90 7.199e+00
2838.90 7.157e+00
2840.90 7.126e+00
2842.90 7.080e+00
2844.90 7.016e+00
2846.90 6.965e+00
2848.90 6.925e+00
2850.90 6.880e+00
2852.90 6.851e+00
2854.90 6.803e+00
2856.90 6.770e+00
2858.90 6.755e+00
2860.90 6.713e+00
2862.90 6.680e+00
2864.90 6.654e+00
2866.90 6.609e+00
2868.90 6.615e+00
2870.90 6.587e+00
2872.90 6.536e+00
2874.90 6.531e+00
2876.90 6.507e+00
2878.90 6.473e+00
2880.90 6.461e+00
2882.90 6.428e+00
2884.90 6.400e+00
2886.90 6.386e+00
2888.90 6.405e+00
2890.90 6.399e+00
2892.90 6.360e+00
2894.90 6.349e+00
2896.90 6.318e+00
2898.90 6.289e+00
2900.90 6.273e+00
2902.90 6.236e+00
2904.90 6.212e+00
2906.90 6.221e+00
2908.90 6.187e+00
2910.90 6.179e+00
2912.90 6.181e+00
2914.90 6.189e+00
2916.90 6.165e+00
2918.90 6.169e+00
2920.90 6.178e+00
2922.90 6.219e+00
2924.90 6.246e+00
2926.90 6.253e+00
2928.90 6.257e+00
2930.90 6.262e+00
2932.90 6.237e+00
2934.90 6.257e+00
2936.90 6.288e+00
2938.90 6.281e+00
2940.90 6.260e+00
2942.90 6.268e+00
2944.90 6.232e+00
2946.90 6.240e+00
2948.90 6.282e+00
2950.90 6.272e+00
2952.90 6.251e+00
2954.90 6.223e+00
2956.90 6.209e+00
2958.90 6.212e+00
2960.90 6.211e+00
2962.90 6.212e+00
2964.90 6.180e+00
2966.90 6.191e+00
2968.90 6.189e+00
2970.90 6.168e+00
2972.90 6.170e+00
2974.90 6.191e+00
2976.90 6.194e+00
2978.90 6.134e+00
2980.90 6.126e+00
2982.90 6.102e+00
2984.90 6.074e+00
2986.90 6.062e+00
2988.90 6.019e+00
2990.90 5.979e+00
2992.90 5.969e+00
2994.90 5.874e+00
2996.90 5.833e+00
2998.90 5.825e+00
3000.90 5.788e+00
3002.90 5.740e+00
3004.90 5.714e+00
3006.90 5.718e+00
3008.90 5.687e+00
3010.90 5.666e+00
3012.90 5.657e+00
3014.90 5.656e+00
3016.90 5.665e+00
3018.90 5.615e+00
3020.90 5.535e+00
3022.90 5.497e+00
3024.90 5.448e+00
3026.90 5.423e+00
3028.90 5.424e+00
3030.90 5.427e+00
3032.90 5.422e+00
3034.90 5.378e+00
3036.90 5.389e+00
3038.90 5.398e+00
3040.90 5.368e+00
3042.90 5.357e+00
3044.90 5.369e+00
3046.90 5.400e+00
3048.90 5.415e+00
3050.90 5.396e+00
3052.90 5.417e+00
3054.90 5.417e+00
3056.90 5.406e+00
3058.90 5.402e+00
3060.90 5.412e+00
3062.90 5.422e+00
3064.90 5.417e+00
3066.90 5.426e+00
3068.90 5.409e+00
3070.90 5.380e+00
3072.90 5.409e+00
3074.90 5.417e+00
3076.90 5.414e+00
3078.90 5.418e+00
3080.90 5.394e+00
3082.90 5.395e+00
3084.90 5.373e+00
3086.90 5.402e+00
3088.90 5.402e+00
3090.90 5.393e+00
3092.90 5.393e+00
3094.90 5.383e+00
3096.90 5.390e+00
3098.90 5.407e+00
3100.90 5.374e+00
3102.90 5.349e+00
3104.90 5.384e+00
3106.90 5.389e+00
3108.90 5.390e+00
3110.90 5.438e+00
3112.90 5.431e+00
3114.90 5.444e+00
3116.90 5.455e+00
3118.90 5.475e+00
3120.90 5.462e+00
3122.90 5.463e+00
3124.90 5.462e+00
3126.90 5.411e+00
3128.90 5.411e+00
3130.90 5.413e+00
3132.90 5.413e+00
3134.90 5.405e+00
3136.90 5.397e+00
3138.90 5.383e+00
3140.90 5.340e+00
3142.90 5.316e+00
3144.90 5.355e+00
3146.90 5.407e+00
3148.90 5.372e+00
3150.90 5.429e+00
3152.90 5.449e+00
3154.90 5.424e+00
3156.90 5.406e+00
3158.90 5.407e+00
3160.90 5.420e+00
3162.90 5.429e+00
3164.90 5.426e+00
3166.90 5.470e+00
3168.90 5.482e+00
3170.90 5.438e+00
3172.90 5.446e+00
3174.90 5.422e+00
3176.90 5.406e+00
3178.90 5.455e+00
3180.90 5.428e+00
3182.90 5.426e+00
3184.90 5.437e+00
3186.90 5.458e+00
3188.90 5.441e+00
3190.90 5.471e+00
3192.90 5.473e+00
3194.90 5.418e+00
3196.90 5.422e+00
3198.90 5.414e+00
3200.90 5.419e+00
3202.90 5.401e+00
3204.90 5.408e+00
3206.90 5.395e+00
3208.90 5.335e+00
3210.90 5.323e+00
3212.90 5.332e+00
3214.90 5.314e+00
3216.90 5.319e+00
3218.90 5.325e+00
3220.90 5.338e+00
3222.90 5.320e+00
3224.90 5.288e+00
3226.90 5.284e+00
3228.90 5.270e+00
3230.90 5.252e+00
3232.90 5.235e+00
3234.90 5.225e+00
3236.90 5.250e+00
3238.90 5.245e+00
3240.90 5.216e+00
3242.90 5.209e+00
3244.90 5.199e+00
3246.90 5.181e+00
3248.90 5.159e+00
3250.90 5.175e+00
3252.90 5.182e+00
3254.90 5.212e+00
3256.90 5.228e+00
3258.90 5.220e+00
3260.90 5.219e+00
3262.90 5.210e+00
3264.90 5.201e+00
3266.90 5.192e+00
3268.90 5.177e+00
3270.90 5.123e+00
3272.90 5.093e+00
3274.90 5.043e+00
3276.90 5.064e+00
3278.90 5.093e+00
3280.90 5.042e+00
3282.90 5.035e+00
3284.90 4.996e+00
3286.90 4.964e+00
3288.90 5.085e+00
3290.90 5.265e+00
3292.90 5.264e+00
3294.90 5.234e+00
3296.90 5.147e+00
3298.90 5.052e+00
3300.90 5.084e+00
3302.90 5.111e+00
3304.90 5.072e+00
3306.90 5.049e+00
3308.90 5.034e+00
3310.90 5.043e+00
3312.90 5.009e+00
3314.90 4.966e+00
3316.90 4.899e+00
3318.90 4.895e+00
3320.90 4.866e+00
3322.90 4.844e+00
3324.90 4.847e+00
3326.90 4.847e+00
3328.90 4.839e+00
3330.90 4.828e+00
3332.90 4.828e+00
3334.90 4.808e+00
3336.90 4.765e+00
3338.90 4.780e+00
3340.90 4.829e+00
3342.90 4.797e+00
3344.90 4.780e+00
3346.90 4.773e+00
3348.90 4.747e+00
3350.90 4.770e+00
3352.90 4.767e+00
3354.90 4.752e+00
3356.90 4.753e+00
3358.90 4.743e+00
3360.90 4.754e+00
3362.90 4.717e+00
3364.90 4.777e+00
3366.90 4.826e+00
3368.90 4.729e+00
3370.90 4.705e+00
3372.90 4.703e+00
3374.90 4.724e+00
3376.90 4.732e+00
3378.90 4.713e+00
3380.90 4.695e+00
3382.90 4.689e+00
3384.90 4.673e+00
3386.90 4.722e+00
3388.90 4.723e+00
3390.90 4.711e+00
3392.90 4.712e+00
3394.90 4.743e+00
3396.90 4.751e+00
3398.90 4.744e+00
3400.90 4.782e+00
3402.90 4.773e+00
3404.90 4.771e+00
3406.90 4.758e+00
3408.90 4.736e+00
3410.90 4.746e+00
3412.90 4.756e+00
3414.90 4.750e+00
3416.90 4.771e+00
3418.90 4.739e+00
3420.90 4.706e+00
3422.90 4.693e+00
3424.90 4.728e+00
3426.90 4.763e+00
3428.90 4.691e+00
3430.90 4.622e+00
3432.90 4.587e+00
3434.90 4.600e+00
3436.90 4.587e+00
3438.90 4.582e+00
3440.90 4.614e+00
3442.90 4.603e+00
3444.90 4.565e+00
3446.90 4.556e+00
3448.90 4.563e+00
3450.90 4.560e+00
3452.90 4.603e+00
3454.90 4.597e+00
3456.90 4.573e+00
3458.90 4.563e+00
3460.90 4.597e+00
3462.90 4.560e+00
3464.90 4.544e+00
3466.90 4.553e+00
3468.90 4.532e+00
3470.90 4.556e+00
3472.90 4.545e+00
3474.90 4.562e+00
3476.90 4.569e+00
3478.90 4.516e+00
3480.90 4.527e+00
3482.90 4.513e+00
3484.90 4.478e+00
3486.90 4.498e+00
3488.90 4.503e+00
3490.90 4.513e+00
3492.90 4.483e+00
3494.90 4.475e+00
3496.90 4.495e+00
3498.90 4.496e+00
3500.90 4.474e+00
3502.90 4.467e+00
3504.90 4.469e+00
3506.90 4.442e+00
3508.90 4.421e+00
3510.90 4.421e+00
3512.90 4.382e+00
3514.90 4.360e+00
3516.90 4.327e+00
3518.90 4.343e+00
3520.90 4.334e+00
3522.90 4.274e+00
3524.90 4.290e+00
3526.90 4.291e+00
3528.90 4.267e+00
3530.90 4.261e+00
3532.90 4.253e+00
3534.90 4.226e+00
3536.90 4.198e+00
3538.90 4.190e+00
3540.90 4.166e+00
3542.90 4.147e+00
3544.90 4.153e+00
3546.90 4.159e+00
3548.90 4.136e+00
3550.90 4.118e+00
3552.90 4.136e+00
3554.90 4.137e+00
3556.90 4.149e+00
3558.90 4.156e+00
3560.90 4.123e+00
3562.90 4.148e+00
3564.90 4.129e+00
3566.90 4.117e+00
3568.90 4.142e+00
3570.90 4.115e+00
3572.90 4.090e+00
3574.90 4.090e+00
3576.90 4.030e+00
3578.90 4.015e+00
3580.90 4.033e+00
3582.90 4.000e+00
3584.90 4.070e+00
3586.90 4.107e+00
3588.90 4.128e+00
3590.90 4.127e+00
3592.90 4.100e+00
3594.90 4.105e+00
3596.90 4.045e+00
3598.90 4.073e+00
3600.90 4.043e+00
3602.90 3.965e+00
3604.90 3.960e+00
3606.90 3.961e+00
3608.90 3.940e+00
3610.90 3.945e+00
3612.90 4.006e+00
3614.90 3.998e+00
3616.90 3.984e+00
3618.90 3.960e+00
3620.90 3.950e+00
3622.90 3.972e+00
3624.90 3.951e+00
3626.90 3.943e+00
3628.90 4.016e+00
3630.90 4.011e+00
3632.90 3.959e+00
3634.90 3.962e+00
3636.90 4.009e+00
3638.90 4.022e+00
3640.90 3.964e+00
3642.90 3.939e+00
3644.90 3.953e+00
3646.90 3.934e+00
3648.90 3.934e+00
3650.90 3.978e+00
3652.90 3.886e+00
3654.90 3.858e+00
3656.90 3.973e+00
3658.90 3.942e+00
3660.90 3.914e+00
3662.90 3.916e+00
3664.90 3.884e+00
3666.90 3.857e+00
3668.90 3.827e+00
3670.90 3.878e+00
3672.90 3.893e+00
3674.90 3.882e+00
3676.90 3.863e+00
3678.90 3.869e+00
3680.90 3.775e+00
3682.90 3.799e+00
3684.90 3.851e+00
3686.90 3.849e+00
3688.90 3.843e+00
3690.90 3.835e+00
3692.90 3.842e+00
3694.90 3.813e+00
3696.90 3.790e+00
3698.90 3.762e+00
3700.90 3.741e+00
3702.90 3.792e+00
3704.90 3.771e+00
3706.90 3.765e+00
3708.90 3.753e+00
3710.90 3.771e+00
3712.90 3.766e+00
3714.90 3.758e+00
3716.90 3.772e+00
3718.90 3.763e+00
3720.90 3.746e+00
3722.90 3.738e+00
3724.90 3.740e+00
3726.90 3.814e+00
3728.90 3.854e+00
3730.90 3.907e+00
3732.90 3.894e+00
3734.90 3.868e+00
3736.90 3.853e+00
3738.90 3.818e+00
3740.90 3.771e+00
3742.90 3.756e+00
3744.90 3.789e+00
3746.90 3.803e+00
3748.90 3.771e+00
3750.90 3.776e+00
3752.90 3.760e+00
3754.90 3.773e+00
3756.90 3.739e+00
3758.90 3.741e+00
3760.90 3.737e+00
3762.90 3.675e+00
3764.90 3.664e+00
3766.90 3.685e+00
3768.90 3.694e+00
3770.90 3.662e+00
3772.90 3.635e+00
3774.90 3.690e+00
3776.90 3.651e+00
3778.90 3.614e+00
3780.90 3.657e+00
3782.90 3.673e+00
3784.90 3.701e+00
3786.90 3.692e+00
3788.90 3.672e+00
3790.90 3.682e+00
3792.90 3.731e+00
3794.90 3.669e+00
3796.90 3.644e+00
3798.90 3.589e+00
3800.90 3.596e+00
3802.90 3.561e+00
3804.90 3.494e+00
3806.90 3.517e+00
3808.90 3.488e+00
3810.90 3.476e+00
3812.90 3.467e+00
3814.90 3.467e+00
3816.90 3.480e+00
3818.90 3.482e+00
3820.90 3.518e+00
3822.90 3.571e+00
3824.90 3.605e+00
3826.90 3.623e+00
3828.90 3.582e+00
3830.90 3.609e+00
3832.90 3.643e+00
3834.90 3.629e+00
3836.90 3.641e+00
3838.90 3.674e+00
3840.90 3.662e+00
3842.90 3.637e+00
3844.90 3.619e+00
3846.90 3.637e+00
3848.90 3.635e+00
3850.90 3.577e+00
3852.90 3.573e+00
3854.90 3.617e+00
3856.90 3.626e+00
3858.90 3.588e+00
3860.90 3.609e+00
3862.90 3.660e+00
3864.90 3.627e+00
3866.90 3.628e+00
3868.90 3.641e+00
3870.90 3.627e+00
3872.90 3.612e+00
3874.90 3.568e+00
3876.90 3.502e+00
3878.90 3.518e+00
3880.90 3.487e+00
3882.90 3.427e+00
3884.90 3.427e+00
3886.90 3.420e+00
3888.90 3.410e+00
3890.90 3.416e+00
3892.90 3.419e+00
3894.90 3.393e+00
3896.90 3.314e+00
3898.90 3.346e+00
3900.90 3.374e+00
3902.90 3.389e+00
3904.90 3.393e+00
3906.90 3.365e+00
3908.90 3.332e+00
3910.90 3.278e+00
3912.90 3.258e+00
3914.90 3.255e+00
3916.90 3.251e+00
3918.90 3.265e+00
3920.90 3.246e+00
3922.90 3.236e+00
3924.90 3.249e+00
3926.90 3.164e+00
3928.90 3.145e+00
3930.90 3.175e+00
3932.90 3.182e+00
3934.90 3.227e+00
3936.90 3.208e+00
3938.90 3.219e+00
3940.90 3.236e+00
3942.90 3.225e+00
3944.90 3.156e+00
3946.90 3.154e+00
3948.90 3.197e+00
3950.90 3.196e+00
3952.90 3.144e+00
3954.90 3.153e+00
3956.90 3.214e+00
3958.90 3.192e+00
3960.90 3.160e+00
3962.90 3.197e+00
3964.90 3.240e+00
3966.90 3.227e+00
3968.90 3.202e+00
3970.90 3.212e+00
3972.90 3.214e+00
3974.90 3.197e+00
3976.90 3.178e+00
3978.90 3.199e+00
3980.90 3.187e+00
3982.90 3.164e+00
3984.90 3.099e+00
3986.90 3.121e+00
3988.90 3.165e+00
3990.90 3.196e+00
3992.90 3.201e+00
3994.90 3.206e+00
3996.90 3.201e+00
3998.90 3.170e+00
4000.90 3.147e+00
4002.90 3.079e+00
4004.90 3.075e+00
4006.90 3.094e+00
4008.90 3.091e+00
4010.90 3.100e+00
4012.90 3.092e+00
4014.90 3.051e+00
4016.90 3.054e+00
4018.90 3.038e+00
4020.90 3.042e+00
4022.90 3.006e+00
4024.90 2.998e+00
4026.90 3.042e+00
4028.90 3.067e+00
4030.90 3.140e+00
4032.90 3.155e+00
4034.90 3.129e+00
4036.90 3.172e+00
4038.90 3.135e+00
4040.90 3.084e+00
4042.90 3.140e+00
4044.90 3.149e+00
4046.90 3.128e+00
4048.90 3.086e+00
4050.90 3.094e+00
4052.90 3.125e+00
4054.90 3.074e+00
4056.90 3.076e+00
4058.90 3.105e+00
4060.90 3.117e+00
4062.90 3.067e+00
4064.90 3.079e+00
4066.90 3.054e+00
4068.90 3.030e+00
4070.90 3.072e+00
4072.90 3.025e+00
4074.90 3.011e+00
4076.90 3.024e+00
4078.90 3.071e+00
4080.90 3.072e+00
4082.90 3.087e+00
4084.90 3.072e+00
4086.90 3.102e+00
4088.90 3.173e+00
4090.90 3.072e+00
4092.90 3.040e+00
4094.90 3.071e+00
4096.90 3.138e+00
4098.90 3.076e+00
4100.90 3.066e+00
4102.90 3.124e+00
4104.90 3.137e+00
4106.90 3.092e+00
4108.90 3.067e+00
4110.90 3.072e+00
4112.90 3.082e+00
4114.90 3.120e+00
4116.90 3.089e+00
4118.90 3.012e+00
4120.90 3.085e+00
4122.90 3.084e+00
4124.90 3.015e+00
4126.90 3.020e+00
4128.90 3.052e+00
4130.90 3.012e+00
4132.90 3.009e+00
4134.90 3.081e+00
4136.90 3.047e+00
4138.90 3.011e+00
4140.90 2.989e+00
4142.90 3.028e+00
4144.90 2.992e+00
4146.90 2.908e+00
4148.90 2.940e+00
4150.90 2.926e+00
4152.90 2.902e+00
4154.90 2.857e+00
4156.90 2.863e+00
4158.90 2.825e+00
4160.90 2.873e+00
4162.90 2.885e+00
4164.90 2.860e+00
4166.90 2.912e+00
4168.90 2.954e+00
4170.90 2.932e+00
4172.90 2.886e+00
4174.90 2.909e+00
4176.90 2.975e+00
4178.90 2.978e+00
4180.90 2.960e+00
4182.90 2.885e+00
4184.90 2.950e+00
4186.90 3.019e+00
4188.90 2.990e+00
4190.90 2.927e+00
4192.90 2.990e+00
4194.90 2.968e+00
4196.90 2.919e+00
4198.90 2.861e+00
4200.90 2.945e+00
4202.90 2.907e+00
4204.90 2.901e+00
4206.90 2.909e+00
4208.90 2.859e+00
4210.90 2.855e+00
4212.90 2.905e+00
4214.90 2.875e+00
4216.90 2.878e+00
4218.90 2.903e+00
4220.90 2.931e+00
4222.90 2.914e+00
4224.90 2.926e+00
4226.90 2.930e+00
4228.90 2.941e+00
4230.90 2.933e+00
4232.90 2.976e+00
4234.90 2.978e+00
4236.90 2.922e+00
4238.90 3.055e+00
4240.90 3.143e+00
4242.90 3.093e+00
4244.90 3.074e+00
4246.90 3.055e+00
4248.90 3.106e+00
4250.90 3.171e+00
4252.90 3.136e+00
4254.90 3.098e+00
4256.90 3.130e+00
4258.90 3.067e+00
4260.90 3.034e+00
4262.90 3.093e+00
4264.90 3.085e+00
4266.90 3.059e+00
4268.90 3.063e+00
4270.90 3.030e+00
4272.90 3.021e+00
4274.90 3.080e+00
4276.90 3.075e+00
4278.90 3.034e+00
4280.90 3.060e+00
4282.90 3.051e+00
4284.90 3.062e+00
4286.90 3.078e+00
4288.90 3.065e+00
4290.90 3.067e+00
4292.90 3.126e+00
4294.90 3.128e+00
4296.90 3.084e+00
4298.90 3.089e+00
4300.90 3.103e+00
4302.90 3.110e+00
4304.90 3.173e+00
4306.90 3.222e+00
4308.90 3.175e+00
4310.90 3.184e+00
4312.90 3.210e+00
4314.90 3.180e+00
4316.90 3.163e+00
4318.90 3.174e+00
4320.90 3.165e+00
4322.90 3.188e+00
4324.90 3.199e+00
4326.90 3.203e+00
4328.90 3.226e+00
4330.90 3.252e+00
4332.90 3.280e+00
4334.90 3.326e+00
4336.90 3.356e+00
4338.90 3.318e+00
4340.90 3.396e+00
4342.90 3.417e+00
4344.90 3.366e+00
4346.90 3.391e+00
4348.90 3.400e+00
4350.90 3.359e+00
4352.90 3.339e+00
4354.90 3.335e+00
4356.90 3.353e+00
4358.90 3.344e+00
4360.90 3.322e+00
4362.90 3.362e+00
4364.90 3.347e+00
4366.90 3.283e+00
4368.90 3.229e+00
4370.90 3.178e+00
4372.90 3.152e+00
4374.90 3.162e+00
4376.90 3.171e+00
4378.90 3.176e+00
4380.90 3.097e+00
4382.90 3.040e+00
4384.90 3.014e+00
4386.90 3.022e+00
4388.90 3.080e+00
4390.90 3.087e+00
4392.90 3.012e+00
4394.90 3.009e+00
4396.90 2.973e+00
4398.90 2.942e+00
4400.90 2.948e+00
4402.90 2.998e+00
4404.90 2.991e+00
4406.90 2.985e+00
4408.90 2.978e+00
4410.90 2.916e+00
4412.90 2.934e+00
4414.90 2.924e+00
4416.90 2.903e+00
4418.90 2.942e+00
4420.90 2.950e+00
4422.90 2.957e+00
4424.90 2.891e+00
4426.90 2.866e+00
4428.90 2.884e+00
4430.90 2.902e+00
4432.90 2.867e+00
4434.90 2.806e+00
4436.90 2.810e+00
4438.90 2.828e+00
4440.90 2.878e+00
4442.90 2.774e+00
4444.90 2.758e+00
4446.90 2.790e+00
4448.90 2.790e+00
4450.90 2.776e+00
4452.90 2.769e+00
4454.90 2.827e+00
4456.90 2.831e+00
4458.90 2.821e+00
4460.90 2.758e+00
4462.90 2.802e+00
4464.90 2.871e+00
4466.90 2.849e+00
4468.90 2.843e+00
4470.90 2.835e+00
4472.90 2.777e+00
4474.90 2.847e+00
4476.90 2.856e+00
4478.90 2.828e+00
4480.90 2.844e+00
4482.90 2.861e+00
4484.90 2.849e+00
4486.90 2.867e+00
4488.90 2.825e+00
4490.90 2.879e+00
4492.90 2.890e+00
4494.90 2.838e+00
4496.90 2.815e+00
4498.90 2.828e+00
4500.90 2.884e+00
4502.90 2.851e+00
4504.90 2.818e+00
4506.90 2.865e+00
4508.90 2.856e+00
4510.90 2.930e+00
4512.90 2.931e+00
4514.90 2.875e+00
4516.90 2.904e+00
4518.90 2.879e+00
4520.90 2.873e+00
4522.90 2.868e+00
4524.90 2.937e+00
4526.90 2.921e+00
4528.90 2.834e+00
4530.90 2.839e+00
4532.90 2.908e+00
4534.90 2.918e+00
4536.90 2.823e+00
4538.90 2.840e+00
4540.90 2.872e+00
4542.90 2.870e+00
4544.90 2.846e+00
4546.90 2.847e+00
4548.90 2.877e+00
4550.90 2.893e+00
4552.90 2.842e+00
4554.90 2.824e+00
4556.90 2.811e+00
4558.90 2.834e+00
4560.90 2.811e+00
4562.90 2.823e+00
4564.90 2.810e+00
4566.90 2.802e+00
4568.90 2.843e+00
4570.90 2.813e+00
4572.90 2.842e+00
4574.90 2.805e+00
4576.90 2.813e+00
4578.90 2.843e+00
4580.90 2.812e+00
4582.90 2.776e+00
4584.90 2.792e+00
4586.90 2.778e+00
4588.90 2.776e+00
4590.90 2.782e+00
4592.90 2.789e+00
4594.90 2.768e+00
4596.90 2.748e+00
4598.90 2.745e+00
4600.90 2.747e+00
4602.90 2.730e+00
4604.90 2.729e+00
4606.90 2.694e+00
4608.90 2.692e+00
4610.90 2.715e+00
4612.90 2.690e+00
4614.90 2.699e+00
4616.90 2.693e+00
4618.90 2.678e+00
4620.90 2.658e+00
4622.90 2.667e+00
4624.90 2.692e+00
4626.90 2.683e+00
4628.90 2.663e+00
4630.90 2.640e+00
4632.90 2.663e+00
4634.90 2.638e+00
4636.90 2.634e+00
4638.90 2.666e+00
4640.90 2.660e+00
4642.90 2.649e+00
4644.90 2.639e+00
4646.90 2.618e+00
4648.90 2.606e+00
4650.90 2.600e+00
4652.90 2.611e+00
4654.90 2.627e+00
4656.90 2.590e+00
4658.90 2.548e+00
4660.90 2.575e+00
4662.90 2.570e+00
4664.90 2.538e+00
4666.90 2.483e+00
4668.90 2.508e+00
4670.90 2.505e+00
4672.90 2.496e+00
4674.90 2.493e+00
4676.90 2.471e+00
4678.90 2.443e+00
4680.90 2.424e+00
4682.90 2.402e+00
4684.90 2.401e+00
4686.90 2.416e+00
4688.90 2.402e+00
4690.90 2.412e+00
4692.90 2.384e+00
4694.90 2.399e+00
4696.90 2.394e+00
4698.90 2.387e+00
4700.90 2.398e+00
4702.90 2.385e+00
4704.90 2.364e+00
4706.90 2.360e+00
4708.90 2.358e+00
4710.90 2.339e+00
4712.90 2.335e+00
4714.90 2.370e+00
4716.90 2.324e+00
4718.90 2.334e+00
4720.90 2.344e+00
4722.90 2.313e+00
4724.90 2.365e+00
4726.90 2.369e+00
4728.90 2.312e+00
4730.90 2.301e+00
4732.90 2.301e+00
4734.90 2.352e+00
4736.90 2.379e+00
4738.90 2.312e+00
4740.90 2.349e+00
4742.90 2.365e+00
4744.90 2.326e+00
4746.90 2.354e+00
4748.90 2.338e+00
4750.90 2.359e+00
4752.90 2.367e+00
4754.90 2.279e+00
4756.90 2.331e+00
4758.90 2.326e+00
4760.90 2.345e+00
4762.90 2.336e+00
4764.90 2.339e+00
4766.90 2.345e+00
4768.90 2.312e+00
4770.90 2.309e+00
4772.90 2.334e+00
4774.90 2.367e+00
4776.90 2.371e+00
4778.90 2.336e+00
4780.90 2.376e+00
4782.90 2.373e+00
4784.90 2.375e+00
4786.90 2.383e+00
4788.90 2.379e+00
4790.90 2.416e+00
4792.90 2.399e+00
4794.90 2.431e+00
4796.90 2.452e+00
4798.90 2.457e+00
4800.90 2.481e+00
4802.90 2.512e+00
4804.90 2.526e+00
4806.90 2.557e+00
4808.90 2.551e+00
4810.90 2.588e+00
4812.90 2.617e+00
4814.90 2.610e+00
4816.90 2.641e+00
4818.90 2.697e+00
4820.90 2.717e+00
4822.90 2.695e+00
4824.90 2.720e+00
4826.90 2.782e+00
4828.90 2.802e+00
4830.90 2.833e+00
4832.90 2.877e+00
4834.90 2.870e+00
4836.90 2.886e+00
4838.90 2.959e+00
4840.90 3.035e+00
4842.90 3.051e+00
4844.90 3.041e+00
4846.90 3.080e+00
4848.90 3.102e+00
4850.90 3.142e+00
4852.90 3.232e+00
4854.90 3.246e+00
4856.90 3.304e+00
4858.90 3.377e+00
4860.90 3.385e+00
4862.90 3.395e+00
4864.90 3.399e+00
4866.90 3.408e+00
4868.90 3.366e+00
4870.90 3.341e+00
4872.90 3.311e+00
4874.90 3.280e+00
4876.90 3.287e+00
4878.90 3.282e+00
4880.90 3.235e+00
4882.90 3.115e+00
4884.90 3.132e+00
4886.90 3.143e+00
4888.90 3.083e+00
4890.90 3.068e+00
4892.90 2.989e+00
4894.90 2.970e+00
4896.90 2.964e+00
4898.90 2.946e+00
4900.90 2.928e+00
4902.90 2.889e+00
4904.90 2.870e+00
4906.90 2.825e+00
4908.90 2.823e+00
4910.90 2.791e+00
4912.90 2.751e+00
4914.90 2.711e+00
4916.90 2.748e+00
4918.90 2.807e+00
4920.90 2.764e+00
4922.90 2.758e+00
4924.90 2.759e+00
4926.90 2.720e+00
4928.90 2.694e+00
4930.90 2.694e+00
4932.90 2.736e+00
4934.90 2.736e+00
4936.90 2.704e+00
4938.90 2.694e+00
4940.90 2.701e+00
4942.90 2.731e+00
4944.90 2.655e+00
4946.90 2.670e+00
4948.90 2.691e+00
4950.90 2.702e+00
4952.90 2.719e+00
4954.90 2.789e+00
4956.90 2.725e+00
4958.90 2.644e+00
4960.90 2.687e+00
4962.90 2.657e+00
4964.90 2.540e+00
4966.90 2.579e+00
4968.90 2.526e+00
4970.90 2.570e+00
4972.90 2.532e+00
4974.90 2.510e+00
4976.90 2.478e+00
4978.90 2.415e+00
4980.90 2.513e+00
4982.90 2.568e+00
4984.90 2.540e+00
4986.90 2.515e+00
4988.90 2.497e+00
4990.90 2.560e+00
4992.90 2.704e+00
4994.90 2.642e+00
4996.90 2.647e+00
4998.90 2.826e+00
5000.90 2.985e+00
5002.90 2.932e+00
5004.90 3.135e+00
5006.90 3.376e+00
5008.90 3.330e+00
5010.90 3.185e+00
5012.90 2.984e+00
5014.90 2.862e+00
5016.90 2.659e+00
5018.90 2.480e+00
5020.90 2.415e+00
5022.90 2.362e+00
5024.90 2.368e+00
5026.90 2.369e+00
5028.90 2.347e+00
5030.90 2.338e+00
5032.90 2.331e+00
5034.90 2.302e+00
5036.90 2.291e+00
5038.90 2.290e+00
5040.90 2.274e+00
5042.90 2.259e+00
5044.90 2.246e+00
5046.90 2.216e+00
5048.90 2.199e+00
5050.90 2.169e+00
5052.90 2.165e+00
5054.90 2.182e+00
5056.90 2.159e+00
5058.90 2.158e+00
5060.90 2.159e+00
5062.90 2.120e+00
5064.90 2.078e+00
5066.90 2.110e+00
5068.90 2.101e+00
5070.90 2.072e+00
5072.90 2.064e+00
5074.90 2.052e+00
5076.90 2.058e+00
5078.90 2.064e+00
5080.90 2.049e+00
5082.90 2.020e+00
5084.90 2.012e+00
5086.90 2.027e+00
5088.90 2.017e+00
5090.90 2.009e+00
5092.90 2.001e+00
5094.90 2.016e+00
5096.90 1.978e+00
5098.90 1.974e+00
5100.90 1.996e+00
5102.90 1.989e+00
5104.90 1.974e+00
5106.90 1.969e+00
5108.90 1.970e+00
5110.90 1.961e+00
5112.90 2.002e+00
5114.90 2.006e+00
5116.90 1.982e+00
5118.90 1.973e+00
5120.90 1.966e+00
5122.90 1.974e+00
5124.90 1.977e+00
5126.90 1.980e+00
5128.90 1.988e+00
5130.90 1.990e+00
5132.90 1.962e+00
5134.90 1.973e+00
5136.90 2.023e+00
5138.90 2.013e+00
5140.90 2.013e+00
5142.90 2.058e+00
5144.90 2.051e+00
5146.90 2.039e+00
5148.90 2.005e+00
5150.90 1.989e+00
5152.90 2.025e+00
5154.90 2.038e+00
5156.90 2.064e+00
5158.90 2.083e+00
5160.90 2.061e+00
5162.90 2.039e+00
5164.90 2.045e+00
5166.90 2.075e+00
5168.90 2.089e+00
5170.90 2.094e+00
5172.90 2.104e+00
5174.90 2.115e+00
5176.90 2.108e+00
5178.90 2.084e+00
5180.90 2.075e+00
5182.90 2.104e+00
5184.90 2.110e+00
5186.90 2.105e+00
5188.90 2.080e+00
5190.90 2.058e+00
5192.90 2.032e+00
5194.90 2.078e+00
5196.90 2.107e+00
5198.90 2.093e+00
5200.90 2.068e+00
5202.90 2.067e+00
5204.90 2.059e+00
5206.90 2.078e+00
5208.90 2.046e+00
5210.90 1.991e+00
5212.90 2.026e+00
5214.90 2.039e+00
5216.90 1.995e+00
5218.90 2.008e+00
5220.90 2.033e+00
5222.90 2.023e+00
5224.90 2.020e+00
5226.90 2.011e+00
5228.90 1.976e+00
5230.90 1.971e+00
5232.90 1.990e+00
5234.90 2.009e+00
5236.90 2.019e+00
5238.90 1.977e+00
5240.90 1.974e+00
5242.90 1.986e+00
5244.90 1.998e+00
5246.90 2.024e+00
5248.90 2.025e+00
5250.90 2.002e+00
5252.90 2.038e+00
5254.90 2.012e+00
5256.90 1.971e+00
5258.90 1.997e+00
5260.90 2.009e+00
5262.90 2.015e+00
5264.90 2.001e+00
5266.90 1.988e+00
5268.90 2.000e+00
5270.90 1.985e+00
5272.90 1.980e+00
5274.90 1.987e+00
5276.90 1.973e+00
5278.90 1.958e+00
5280.90 1.933e+00
5282.90 1.935e+00
5284.90 1.968e+00
5286.90 1.945e+00
5288.90 1.940e+00
5290.90 1.970e+00
5292.90 1.998e+00
5294.90 1.995e+00
5296.90 1.913e+00
5298.90 1.927e+00
5300.90 1.940e+00
5302.90 1.968e+00
5304.90 1.959e+00
5306.90 1.941e+00
5308.90 1.923e+00
5310.90 1.945e+00
5312.90 1.938e+00
5314.90 1.919e+00
5316.90 1.908e+00
5318.90 1.947e+00
5320.90 1.950e+00
5322.90 1.922e+00
5324.90 1.933e+00
5326.90 1.929e+00
5328.90 1.895e+00
5330.90 1.884e+00
5332.90 1.847e+00
5334.90 1.873e+00
5336.90 1.894e+00
5338.90 1.845e+00
5340.90 1.799e+00
5342.90 1.818e+00
5344.90 1.841e+00
5346.90 1.881e+00
5348.90 1.879e+00
5350.90 1.840e+00
5352.90 1.832e+00
5354.90 1.808e+00
5356.90 1.814e+00
5358.90 1.819e+00
5360.90 1.825e+00
5362.90 1.799e+00
5364.90 1.793e+00
5366.90 1.799e+00
5368.90 1.792e+00
5370.90 1.780e+00
5372.90 1.785e+00
5374.90 1.805e+00
5376.90 1.797e+00
5378.90 1.804e+00
5380.90 1.774e+00
5382.90 1.703e+00
5384.90 1.694e+00
5386.90 1.699e+00
5388.90 1.692e+00
5390.90 1.699e+00
5392.90 1.690e+00
5394.90 1.688e+00
5396.90 1.698e+00
5398.90 1.703e+00
5400.90 1.682e+00
5402.90 1.711e+00
5404.90 1.704e+00
5406.90 1.668e+00
5408.90 1.686e+00
5410.90 1.684e+00
5412.90 1.703e+00
5414.90 1.702e+00
5416.90 1.684e+00
5418.90 1.670e+00
5420.90 1.666e+00
5422.90 1.680e+00
5424.90 1.679e+00
5426.90 1.683e+00
5428.90 1.665e+00
5430.90 1.643e+00
5432.90 1.657e+00
5434.90 1.688e+00
5436.90 1.681e+00
5438.90 1.663e+00
5440.90 1.658e+00
5442.90 1.653e+00
5444.90 1.649e+00
5446.90 1.624e+00
5448.90 1.655e+00
5450.90 1.657e+00
5452.90 1.624e+00
5454.90 1.625e+00
5456.90 1.659e+00
5458.90 1.653e+00
5460.90 1.638e+00
5462.90 1.647e+00
5464.90 1.640e+00
5466.90 1.632e+00
5468.90 1.625e+00
5470.90 1.605e+00
5472.90 1.618e+00
5474.90 1.630e+00
5476.90 1.609e+00
5478.90 1.602e+00
5480.90 1.624e+00
5482.90 1.631e+00
5484.90 1.631e+00
5486.90 1.641e+00
5488.90 1.641e+00
5490.90 1.634e+00
5492.90 1.647e+00
5494.90 1.626e+00
5496.90 1.640e+00
5498.90 1.620e+00
5500.90 1.609e+00
5502.90 1.625e+00
5504.90 1.628e+00
5506.90 1.631e+00
5508.90 1.610e+00
5510.90 1.611e+00
5512.90 1.606e+00
5514.90 1.606e+00
5516.90 1.618e+00
5518.90 1.632e+00
5520.90 1.631e+00
5522.90 1.618e+00
5524.90 1.615e+00
5526.90 1.635e+00
5528.90 1.642e+00
5530.90 1.644e+00
5532.90 1.623e+00
5534.90 1.648e+00
5536.90 1.642e+00
5538.90 1.601e+00
5540.90 1.608e+00
5542.90 1.630e+00
5544.90 1.626e+00
5546.90 1.556e+00
5548.90 1.590e+00
5550.90 1.618e+00
5552.90 1.596e+00
5554.90 1.587e+00
5556.90 1.597e+00
5558.90 1.585e+00
5560.90 1.579e+00
5562.90 1.578e+00
5564.90 1.579e+00
5566.90 1.573e+00
5568.90 1.565e+00
5570.90 1.577e+00
5572.90 1.575e+00
5574.90 1.548e+00
5576.90 1.529e+00
5578.90 1.542e+00
5580.90 1.548e+00
5582.90 1.551e+00
5584.90 1.533e+00
5586.90 1.528e+00
5588.90 1.540e+00
5590.90 1.525e+00
5592.90 1.526e+00
5594.90 1.522e+00
5596.90 1.515e+00
5598.90 1.527e+00
5600.90 1.528e+00
5602.90 1.527e+00
5604.90 1.522e+00
5606.90 1.509e+00
5608.90 1.509e+00
5610.90 1.506e+00
5612.90 1.508e+00
5614.90 1.507e+00
5616.90 1.497e+00
5618.90 1.506e+00
5620.90 1.506e+00
5622.90 1.498e+00
5624.90 1.489e+00
5626.90 1.490e+00
5628.90 1.493e+00
5630.90 1.497e+00
5632.90 1.488e+00
5634.90 1.479e+00
5636.90 1.483e+00
5638.90 1.501e+00
5640.90 1.490e+00
5642.90 1.476e+00
5644.90 1.471e+00
5646.90 1.460e+00
5648.90 1.475e+00
5650.90 1.499e+00
5652.90 1.478e+00
5654.90 1.474e+00
5656.90 1.473e+00
5658.90 1.467e+00
5660.90 1.475e+00
5662.90 1.482e+00
5664.90 1.485e+00
5666.90 1.472e+00
5668.90 1.484e+00
5670.90 1.460e+00
5672.90 1.457e+00
5674.90 1.483e+00
5676.90 1.482e+00
5678.90 1.478e+00
5680.90 1.458e+00
5682.90 1.468e+00
5684.90 1.469e+00
5686.90 1.476e+00
5688.90 1.481e+00
5690.90 1.482e+00
5692.90 1.465e+00
5694.90 1.447e+00
5696.90 1.463e+00
5698.90 1.460e+00
5700.90 1.468e+00
5702.90 1.459e+00
5704.90 1.461e+00
5706.90 1.460e+00
5708.90 1.452e+00
5710.90 1.466e+00
5712.90 1.466e+00
5714.90 1.466e+00
5716.90 1.455e+00
5718.90 1.459e+00
5720.90 1.451e+00
5722.90 1.459e+00
5724.90 1.465e+00
5726.90 1.456e+00
5728.90 1.446e+00
5730.90 1.450e+00
5732.90 1.450e+00
5734.90 1.443e+00
5736.90 1.447e+00
5738.90 1.455e+00
5740.90 1.461e+00
5742.90 1.454e+00
5744.90 1.458e+00
5746.90 1.453e+00
5748.90 1.465e+00
5750.90 1.452e+00
5752.90 1.448e+00
5754.90 1.445e+00
5756.90 1.440e+00
5758.90 1.439e+00
5760.90 1.449e+00
5762.90 1.459e+00
5764.90 1.441e+00
5766.90 1.450e+00
5768.90 1.448e+00
5770.90 1.428e+00
5772.90 1.439e+00
5774.90 1.444e+00
5776.90 1.447e+00
5778.90 1.453e+00
5780.90 1.445e+00
5782.90 1.456e+00
5784.90 1.447e+00
5786.90 1.458e+00
5788.90 1.464e+00
5790.90 1.460e+00
5792.90 1.453e+00
5794.90 1.437e+00
5796.90 1.446e+00
5798.90 1.449e+00
5800.90 1.465e+00
5802.90 1.453e+00
5804.90 1.445e+00
5806.90 1.458e+00
5808.90 1.437e+00
5810.90 1.443e+00
5812.90 1.458e+00
5814.90 1.447e+00
5816.90 1.461e+00
5818.90 1.463e+00
5820.90 1.439e+00
5822.90 1.442e+00
5824.90 1.468e+00
5826.90 1.455e+00
5828.90 1.460e+00
5830.90 1.469e+00
5832.90 1.463e+00
5834.90 1.456e+00
5836.90 1.454e+00
5838.90 1.452e+00
5840.90 1.443e+00
5842.90 1.450e+00
5844.90 1.491e+00
5846.90 1.464e+00
5848.90 1.440e+00
5850.90 1.465e+00
5852.90 1.459e+00
5854.90 1.467e+00
5856.90 1.477e+00
5858.90 1.465e+00
5860.90 1.469e+00
5862.90 1.472e+00
5864.90 1.474e+00
5866.90 1.493e+00
5868.90 1.504e+00
5870.90 1.492e+00
5872.90 1.489e+00
5874.90 1.514e+00
5876.90 1.499e+00
5878.90 1.489e+00
5880.90 1.484e+00
5882.90 1.520e+00
5884.90 1.525e+00
5886.90 1.493e+00
5888.90 1.491e+00
5890.90 1.496e+00
5892.90 1.497e+00
5894.90 1.495e+00
5896.90 1.491e+00
5898.90 1.485e+00
5900.90 1.476e+00
5902.90 1.488e+00
5904.90 1.490e+00
5906.90 1.468e+00
5908.90 1.472e+00
5910.90 1.471e+00
5912.90 1.485e+00
5914.90 1.474e+00
5916.90 1.465e+00
5918.90 1.460e+00
5920.90 1.454e+00
5922.90 1.427e+00
5924.90 1.442e+00
5926.90 1.448e+00
5928.90 1.441e+00
5930.90 1.432e+00
5932.90 1.417e+00
5934.90 1.431e+00
5936.90 1.421e+00
5938.90 1.436e+00
5940.90 1.411e+00
5942.90 1.416e+00
5944.90 1.424e+00
5946.90 1.423e+00
5948.90 1.434e+00
5950.90 1.428e+00
5952.90 1.414e+00
5954.90 1.422e+00
5956.90 1.428e+00
5958.90 1.411e+00
5960.90 1.411e+00
5962.90 1.416e+00
5964.90 1.424e+00
5966.90 1.419e+00
5968.90 1.407e+00
5970.90 1.423e+00
5972.90 1.414e+00
5974.90 1.413e+00
5976.90 1.420e+00
5978.90 1.400e+00
5980.90 1.399e+00
5982.90 1.412e+00
5984.90 1.413e+00
5986.90 1.410e+00
5988.90 1.409e+00
5990.90 1.394e+00
5992.90 1.390e+00
5994.90 1.398e+00
5996.90 1.394e+00
5998.90 1.400e+00
6000.90 1.400e+00
6002.90 1.389e+00
6004.90 1.366e+00
6006.90 1.378e+00
6008.90 1.403e+00
6010.90 1.375e+00
6012.90 1.378e+00
6014.90 1.417e+00
6016.90 1.419e+00
6018.90 1.380e+00
6020.90 1.379e+00
6022.90 1.375e+00
6024.90 1.367e+00
6026.90 1.362e+00
6028.90 1.397e+00
6030.90 1.409e+00
6032.90 1.369e+00
6034.90 1.345e+00
6036.90 1.356e+00
6038.90 1.366e+00
6040.90 1.361e+00
6042.90 1.329e+00
6044.90 1.352e+00
6046.90 1.362e+00
6048.90 1.351e+00
6050.90 1.373e+00
6052.90 1.377e+00
6054.90 1.358e+00
6056.90 1.349e+00
6058.90 1.374e+00
6060.90 1.371e+00
6062.90 1.353e+00
6064.90 1.347e+00
6066.90 1.367e+00
6068.90 1.359e+00
6070.90 1.365e+00
6072.90 1.408e+00
6074.90 1.392e+00
6076.90 1.368e+00
6078.90 1.365e+00
6080.90 1.372e+00
6082.90 1.373e+00
6084.90 1.370e+00
6086.90 1.377e+00
6088.90 1.378e+00
6090.90 1.394e+00
6092.90 1.390e+00
6094.90 1.374e+00
6096.90 1.365e+00
6098.90 1.380e+00
6100.90 1.387e+00
6102.90 1.378e+00
6104.90 1.378e+00
6106.90 1.374e+00
6108.90 1.366e+00
6110.90 1.365e+00
6112.90 1.378e+00
6114.90 1.375e+00
6116.90 1.370e+00
6118.90 1.382e+00
6120.90 1.386e+00
6122.90 1.389e+00
6124.90 1.391e+00
6126.90 1.382e+00
6128.90 1.377e+00
6130.90 1.393e+00
6132.90 1.386e+00
6134.90 1.385e+00
6136.90 1.389e+00
6138.90 1.395e+00
6140.90 1.438e+00
6142.90 1.426e+00
6144.90 1.405e+00
6146.90 1.409e+00
6148.90 1.390e+00
6150.90 1.410e+00
6152.90 1.431e+00
6154.90 1.410e+00
6156.90 1.364e+00
6158.90 1.384e+00
6160.90 1.423e+00
6162.90 1.423e+00
6164.90 1.408e+00
6166.90 1.408e+00
6168.90 1.412e+00
6170.90 1.423e+00
6172.90 1.412e+00
6174.90 1.399e+00
6176.90 1.386e+00
6178.90 1.385e+00
6180.90 1.403e+00
6182.90 1.422e+00
6184.90 1.412e+00
6186.90 1.389e+00
6188.90 1.381e+00
6190.90 1.369e+00
6192.90 1.366e+00
6194.90 1.421e+00
6196.90 1.420e+00
6198.90 1.379e+00
6200.90 1.388e+00
6202.90 1.383e+00
6204.90 1.371e+00
6206.90 1.390e+00
6208.90 1.391e+00
6210.90 1.398e+00
6212.90 1.383e+00
6214.90 1.393e+00
6216.90 1.388e+00
6218.90 1.384e+00
6220.90 1.405e+00
6222.90 1.411e+00
6224.90 1.402e+00
6226.90 1.395e+00
6228.90 1.386e+00
6230.90 1.396e+00
6232.90 1.412e+00
6234.90 1.416e+00
6236.90 1.438e+00
6238.90 1.420e+00
6240.90 1.428e+00
6242.90 1.423e+00
6244.90 1.405e+00
6246.90 1.420e+00
6248.90 1.404e+00
6250.90 1.415e+00
6252.90 1.439e+00
6254.90 1.419e+00
6256.90 1.470e+00
6258.90 1.450e+00
6260.90 1.412e+00
6262.90 1.443e+00
6264.90 1.454e+00
6266.90 1.389e+00
6268.90 1.406e+00
6270.90 1.408e+00
6272.90 1.410e+00
6274.90 1.411e+00
6276.90 1.416e+00
6278.90 1.438e+00
6280.90 1.455e+00
6282.90 1.434e+00
6284.90 1.426e+00
6286.90 1.438e+00
6288.90 1.447e+00
6290.90 1.435e+00
6292.90 1.427e+00
6294.90 1.440e+00
6296.90 1.410e+00
6298.90 1.414e+00
6300.90 1.424e+00
6302.90 1.433e+00
6304.90 1.450e+00
6306.90 1.449e+00
6308.90 1.469e+00
6310.90 1.459e+00
6312.90 1.454e+00
6314.90 1.463e+00
6316.90 1.442e+00
6318.90 1.456e+00
6320.90 1.459e+00
6322.90 1.440e+00
6324.90 1.436e+00
6326.90 1.462e+00
6328.90 1.449e+00
6330.90 1.455e+00
6332.90 1.473e+00
6334.90 1.445e+00
6336.90 1.426e+00
6338.90 1.457e+00
6340.90 1.477e+00
6342.90 1.522e+00
6344.90 1.499e+00
6346.90 1.470e+00
6348.90 1.439e+00
6350.90 1.456e+00
6352.90 1.465e+00
6354.90 1.459e+00
6356.90 1.471e+00
6358.90 1.494e+00
6360.90 1.506e+00
6362.90 1.479e+00
6364.90 1.467e+00
6366.90 1.498e+00
6368.90 1.472e+00
6370.90 1.471e+00
6372.90 1.527e+00
6374.90 1.504e+00
6376.90 1.509e+00
6378.90 1.609e+00
6380.90 1.530e+00
6382.90 1.512e+00
6384.90 1.532e+00
6386.90 1.512e+00
6388.90 1.482e+00
6390.90 1.509e+00
6392.90 1.578e+00
6394.90 1.523e+00
6396.90 1.512e+00
6398.90 1.502e+00
6400.90 1.572e+00
6402.90 1.583e+00
6404.90 1.555e+00
6406.90 1.520e+00
6408.90 1.533e+00
6410.90 1.564e+00
6412.90 1.592e+00
6414.90 1.595e+00
6416.90 1.524e+00
6418.90 1.551e+00
6420.90 1.642e+00
6422.90 1.617e+00
6424.90 1.603e+00
6426.90 1.584e+00
6428.90 1.628e+00
6430.90 1.635e+00
6432.90 1.656e+00
6434.90 1.664e+00
6436.90 1.630e+00
6438.90 1.646e+00
6440.90 1.662e+00
6442.90 1.683e+00
6444.90 1.651e+00
6446.90 1.691e+00
6448.90 1.744e+00
6450.90 1.746e+00
6452.90 1.773e+00
6454.90 1.749e+00
6456.90 1.713e+00
6458.90 1.763e+00
6460.90 1.846e+00
6462.90 1.859e+00
6464.90 1.824e+00
6466.90 1.871e+00
6468.90 1.875e+00
6470.90 1.928e+00
6472.90 1.963e+00
6474.90 2.019e+00
6476.90 2.018e+00
6478.90 2.063e+00
6480.90 2.099e+00
6482.90 2.111e+00
6484.90 2.118e+00
6486.90 2.155e+00
6488.90 2.204e+00
6490.90 2.246e+00
6492.90 2.251e+00
6494.90 2.283e+00
6496.90 2.337e+00
6498.90 2.409e+00
6500.90 2.450e+00
6502.90 2.472e+00
6504.90 2.465e+00
6506.90 2.455e+00
6508.90 2.582e+00
6510.90 2.588e+00
6512.90 2.594e+00
6514.90 2.709e+00
6516.90 2.772e+00
6518.90 2.862e+00
6520.90 2.934e+00
6522.90 2.888e+00
6524.90 2.952e+00
6526.90 3.140e+00
6528.90 3.203e+00
6530.90 3.277e+00
6532.90 3.409e+00
6534.90 3.485e+00
6536.90 3.511e+00
6538.90 3.604e+00
6540.90 3.784e+00
6542.90 3.824e+00
6544.90 3.928e+00
6546.90 4.046e+00
6548.90 4.080e+00
6550.90 4.154e+00
6552.90 4.273e+00
6554.90 4.484e+00
6556.90 4.656e+00
6558.90 4.557e+00
6560.90 4.520e+00
6562.90 4.600e+00
6564.90 4.677e+00
6566.90 4.730e+00
6568.90 4.670e+00
6570.90 4.638e+00
6572.90 4.604e+00
6574.90 4.454e+00
6576.90 4.645e+00
6578.90 4.656e+00
6580.90 4.495e+00
6582.90 4.463e+00
6584.90 4.384e+00
6586.90 4.393e+00
6588.90 4.306e+00
6590.90 4.197e+00
6592.90 4.139e+00
6594.90 4.057e+00
6596.90 3.838e+00
6598.90 3.673e+00
6600.90 3.745e+00
6602.90 3.669e+00
6604.90 3.594e+00
6606.90 3.494e+00
6608.90 3.480e+00
6610.90 3.366e+00
6612.90 3.211e+00
6614.90 3.161e+00
6616.90 3.076e+00
6618.90 2.832e+00
6620.90 2.915e+00
6622.90 2.967e+00
6624.90 2.884e+00
6626.90 2.840e+00
6628.90 2.784e+00
6630.90 2.706e+00
6632.90 2.658e+00
6634.90 2.631e+00
6636.90 2.421e+00
6638.90 2.288e+00
6640.90 2.516e+00
6642.90 2.511e+00
6644.90 2.368e+00
6646.90 2.317e+00
6648.90 2.283e+00
6650.90 2.243e+00
6652.90 2.202e+00
6654.90 2.173e+00
6656.90 2.107e+00
6658.90 2.093e+00
6660.90 2.062e+00
6662.90 2.000e+00
6664.90 1.909e+00
6666.90 1.948e+00
6668.90 1.936e+00
6670.90 1.855e+00
6672.90 1.893e+00
6674.90 1.901e+00
6676.90 1.905e+00
6678.90 1.842e+00
6680.90 1.714e+00
6682.90 1.716e+00
6684.90 1.787e+00
6686.90 1.780e+00
6688.90 1.782e+00
6690.90 1.759e+00
6692.90 1.707e+00
6694.90 1.704e+00
6696.90 1.665e+00
6698.90 1.616e+00
6700.90 1.687e+00
6702.90 1.682e+00
6704.90 1.634e+00
6706.90 1.624e+00
6708.90 1.598e+00
6710.90 1.534e+00
6712.90 1.566e+00
6714.90 1.532e+00
6716.90 1.533e+00
6718.90 1.542e+00
6720.90 1.598e+00
6722.90 1.610e+00
6724.90 1.622e+00
6726.90 1.544e+00
6728.90 1.429e+00
6730.90 1.427e+00
6732.90 1.494e+00
6734.90 1.527e+00
6736.90 1.483e+00
6738.90 1.464e+00
6740.90 1.408e+00
6742.90 1.428e+00
6744.90 1.466e+00
6746.90 1.460e+00
6748.90 1.448e+00
6750.90 1.416e+00
6752.90 1.336e+00
6754.90 1.375e+00
6756.90 1.422e+00
6758.90 1.396e+00
6760.90 1.392e+00
6762.90 1.397e+00
6764.90 1.363e+00
6766.90 1.314e+00
6768.90 1.332e+00
6770.90 1.355e+00
6772.90 1.333e+00
6774.90 1.345e+00
6776.90 1.293e+00
6778.90 1.254e+00
6780.90 1.267e+00
6782.90 1.295e+00
6784.90 1.311e+00
6786.90 1.302e+00
6788.90 1.314e+00
6790.90 1.307e+00
6792.90 1.280e+00
6794.90 1.281e+00
6796.90 1.254e+00
6798.90 1.223e+00
6800.90 1.257e+00
6802.90 1.258e+00
6804.90 1.267e+00
6806.90 1.239e+00
6808.90 1.242e+00
6810.90 1.234e+00
6812.90 1.211e+00
6814.90 1.227e+00
6816.90 1.209e+00
6818.90 1.196e+00
6820.90 1.197e+00
6822.90 1.199e+00
6824.90 1.193e+00
6826.90 1.202e+00
6828.90 1.214e+00
6830.90 1.206e+00
6832.90 1.222e+00
6834.90 1.234e+00
6836.90 1.210e+00
6838.90 1.207e+00
6840.90 1.194e+00
6842.90 1.172e+00
6844.90 1.164e+00
6846.90 1.214e+00
6848.90 1.230e+00
6850.90 1.206e+00
6852.90 1.175e+00
6854.90 1.117e+00
6856.90 1.154e+00
6858.90 1.175e+00
6860.90 1.149e+00
6862.90 1.167e+00
6864.90 1.189e+00
6866.90 1.171e+00
6868.90 1.151e+00
6870.90 1.139e+00
6872.90 1.151e+00
6874.90 1.174e+00
6876.90 1.170e+00
6878.90 1.155e+00
6880.90 1.132e+00
6882.90 1.128e+00
6884.90 1.151e+00
6886.90 1.143e+00
6888.90 1.135e+00
6890.90 1.150e+00
6892.90 1.144e+00
6894.90 1.154e+00
6896.90 1.145e+00
6898.90 1.111e+00
6900.90 1.120e+00
6902.90 1.123e+00
6904.90 1.119e+00
6906.90 1.118e+00
6908.90 1.121e+00
6910.90 1.114e+00
6912.90 1.098e+00
6914.90 1.073e+00
6916.90 1.099e+00
6918.90 1.128e+00
6920.90 1.119e+00
6922.90 1.124e+00
6924.90 1.116e+00
6926.90 1.112e+00
6928.90 1.111e+00
6930.90 1.087e+00
6932.90 1.105e+00
6934.90 1.105e+00
6936.90 1.107e+00
6938.90 1.088e+00
6940.90 1.070e+00
6942.90 1.102e+00
6944.90 1.092e+00
6946.90 1.079e+00
6948.90 1.102e+00
6950.90 1.097e+00
6952.90 1.084e+00
6954.90 1.080e+00
6956.90 1.091e+00
6958.90 1.090e+00
6960.90 1.059e+00
6962.90 1.063e+00
6964.90 1.090e+00
6966.90 1.082e+00
6968.90 1.069e+00
6970.90 1.064e+00
6972.90 1.069e+00
6974.90 1.075e+00
6976.90 1.072e+00
6978.90 1.069e+00
6980.90 1.085e+00
6982.90 1.074e+00
6984.90 1.075e+00
6986.90 1.074e+00
6988.90 1.080e+00
6990.90 1.078e+00
6992.90 1.090e+00
6994.90 1.077e+00
6996.90 1.071e+00
6998.90 1.074e+00
7000.90 1.083e+00
7002.90 1.063e+00
7004.90 1.063e+00
7006.90 1.079e+00
7008.90 1.079e+00
7010.90 1.055e+00
7012.90 1.065e+00
7014.90 1.073e+00
7016.90 1.057e+00
7018.90 1.064e+00
7020.90 1.066e+00
7022.90 1.068e+00
7024.90 1.072e+00
7026.90 1.078e+00
7028.90 1.051e+00
7030.90 1.054e+00
7032.90 1.067e+00
7034.90 1.068e+00
7036.90 1.063e+00
7038.90 1.066e+00
7040.90 1.071e+00
7042.90 1.074e+00
7044.90 1.073e+00
7046.90 1.068e+00
7048.90 1.067e+00
7050.90 1.053e+00
7052.90 1.077e+00
7054.90 1.092e+00
7056.90 1.067e+00
7058.90 1.064e+00
7060.90 1.064e+00
7062.90 1.064e+00
7064.90 1.063e+00
7066.90 1.077e+00
7068.90 1.077e+00
7070.90 1.077e+00
7072.90 1.073e+00
7074.90 1.058e+00
7076.90 1.059e+00
7078.90 1.050e+00
7080.90 1.051e+00
7082.90 1.058e+00
7084.90 1.077e+00
7086.90 1.064e+00
7088.90 1.061e+00
7090.90 1.068e+00
7092.90 1.054e+00
7094.90 1.034e+00
7096.90 1.037e+00
7098.90 1.051e+00
7100.90 1.052e+00
7102.90 1.048e+00
7104.90 1.044e+00
7106.90 1.031e+00
7108.90 1.038e+00
7110.90 1.046e+00
7112.90 1.053e+00
7114.90 1.045e+00
7116.90 1.030e+00
7118.90 1.012e+00
7120.90 1.029e+00
7122.90 1.034e+00
7124.90 1.038e+00
7126.90 1.038e+00
7128.90 1.037e+00
7130.90 1.034e+00
7132.90 1.023e+00
7134.90 1.012e+00
7136.90 1.040e+00
7138.90 1.043e+00
7140.90 1.036e+00
7142.90 1.032e+00
7144.90 1.026e+00
7146.90 1.048e+00
7148.90 1.035e+00
7150.90 1.025e+00
7152.90 1.027e+00
7154.90 1.020e+00
7156.90 1.011e+00
7158.90 1.021e+00
7160.90 1.017e+00
7162.90 1.015e+00
7164.90 1.014e+00
7166.90 1.013e+00
7168.90 1.007e+00
7170.90 1.017e+00
7172.90 1.024e+00
7174.90 1.017e+00
7176.90 1.017e+00
7178.90 1.013e+00
7180.90 9.988e-01
7182.90 1.012e+00
7184.90 1.016e+00
7186.90 1.012e+00
7188.90 1.018e+00
7190.90 1.017e+00
7192.90 1.010e+00
7194.90 1.007e+00
7196.90 1.007e+00
7198.90 1.009e+00
7200.90 1.004e+00
7202.90 1.002e+00
7204.90 1.007e+00
7206.90 9.967e-01
7208.90 9.857e-01
7210.90 9.957e-01
7212.90 1.005e+00
7214.90 1.004e+00
7216.90 9.882e-01
7218.90 9.936e-01
7220.90 1.005e+00
7222.90 1.001e+00
7224.90 9.986e-01
7226.90 9.977e-01
7228.90 1.010e+00
7230.90 1.009e+00
7232.90 1.002e+00
7234.90 1.000e+00
7236.90 9.990e-01
7238.90 9.976e-01
7240.90 9.990e-01
7242.90 9.910e-01
7244.90 9.824e-01
7246.90 1.004e+00
7248.90 1.007e+00
7250.90 1.001e+00
7252.90 1.005e+00
7254.90 1.004e+00
7256.90 1.000e+00
7258.90 9.930e-01
7260.90 1.000e+00
7262.90 9.989e-01
7264.90 1.001e+00
7266.90 1.001e+00
7268.90 1.005e+00
7270.90 9.903e-01
7272.90 9.857e-01
7274.90 9.820e-01
7276.90 9.822e-01
7278.90 9.918e-01
7280.90 9.895e-01
7282.90 9.833e-01
7284.90 9.896e-01
7286.90 9.930e-01
7288.90 9.922e-01
7290.90 9.943e-01
7292.90 9.938e-01
7294.90 9.989e-01
7296.90 9.974e-01
7298.90 9.898e-01
7300.90 9.871e-01
7302.90 1.002e+00
7304.90 1.000e+00
7306.90 1.002e+00
7308.90 1.000e+00
7310.90 9.898e-01
7312.90 9.764e-01
7314.90 9.751e-01
7316.90 9.960e-01
7318.90 1.024e+00
7320.90 1.014e+00
7322.90 1.011e+00
7324.90 1.014e+00
7326.90 1.011e+00
7328.90 1.005e+00
7330.90 1.013e+00
7332.90 1.012e+00
7334.90 1.009e+00
7336.90 1.002e+00
7338.90 9.806e-01
7340.90 9.862e-01
7342.90 1.005e+00
7344.90 9.937e-01
7346.90 9.801e-01
7348.90 9.722e-01
7350.90 9.762e-01
7352.90 9.817e-01
7354.90 9.632e-01
7356.90 9.604e-01
7358.90 9.670e-01
7360.90 9.619e-01
7362.90 9.801e-01
7364.90 9.726e-01
7366.90 9.512e-01
7368.90 9.519e-01
7370.90 9.438e-01
7372.90 9.519e-01
7374.90 9.562e-01
7376.90 9.466e-01
7378.90 9.507e-01
7380.90 9.530e-01
7382.90 9.542e-01
7384.90 9.542e-01
7386.90 9.472e-01
7388.90 9.445e-01
7390.90 9.466e-01
7392.90 9.557e-01
7394.90 9.582e-01
7396.90 9.447e-01
7398.90 9.320e-01
7400.90 9.325e-01
7402.90 9.425e-01
7404.90 9.353e-01
7406.90 9.266e-01
7408.90 9.286e-01
7410.90 9.290e-01
7412.90 9.259e-01
7414.90 9.479e-01
7416.90 9.377e-01
7418.90 9.260e-01
7420.90 9.432e-01
7422.90 9.301e-01
7424.90 9.252e-01
7426.90 9.305e-01
7428.90 9.289e-01
7430.90 9.285e-01
7432.90 9.340e-01
7434.90 9.363e-01
7436.90 9.366e-01
7438.90 9.204e-01
7440.90 9.289e-01
7442.90 9.422e-01
7444.90 9.324e-01
7446.90 9.228e-01
7448.90 9.069e-01
7450.90 9.166e-01
7452.90 9.336e-01
7454.90 9.275e-01
7456.90 9.066e-01
7458.90 9.034e-01
7460.90 9.339e-01
7462.90 9.330e-01
7464.90 9.318e-01
7466.90 9.235e-01
7468.90 9.137e-01
7470.90 9.356e-01
7472.90 9.385e-01
7474.90 9.228e-01
7476.90 9.175e-01
7478.90 9.185e-01
7480.90 9.122e-01
7482.90 9.342e-01
7484.90 9.472e-01
7486.90 9.172e-01
7488.90 9.063e-01
7490.90 9.220e-01
7492.90 9.267e-01
7494.90 9.155e-01
7496.90 9.149e-01
7498.90 9.220e-01
7500.90 9.109e-01
7502.90 9.251e-01
7504.90 9.173e-01
7506.90 8.985e-01
7508.90 9.014e-01
7510.90 9.160e-01
7512.90 9.271e-01
7514.90 9.000e-01
7516.90 8.907e-01
7518.90 8.989e-01
7520.90 8.945e-01
7522.90 8.925e-01
7524.90 9.112e-01
7526.90 9.425e-01
7528.90 9.349e-01
7530.90 9.098e-01
7532.90 8.976e-01
7534.90 8.975e-01
7536.90 9.260e-01
7538.90 9.432e-01
7540.90 9.341e-01
7542.90 9.335e-01
7544.90 9.119e-01
7546.90 8.898e-01
7548.90 8.809e-01
7550.90 9.010e-01
7552.90 9.035e-01
7554.90 9.082e-01
7556.90 9.037e-01
7558.90 8.931e-01
7560.90 9.056e-01
7562.90 8.921e-01
7564.90 8.706e-01
7566.90 8.693e-01
7568.90 8.894e-01
7570.90 8.966e-01
7572.90 8.884e-01
7574.90 8.852e-01
7576.90 8.978e-01
7578.90 9.007e-01
7580.90 9.048e-01
7582.90 8.921e-01
7584.90 8.715e-01
7586.90 8.827e-01
7588.90 8.843e-01
7590.90 8.714e-01
7592.90 8.738e-01
7594.90 8.807e-01
7596.90 8.864e-01
7598.90 8.837e-01
7600.90 8.751e-01
7602.90 8.867e-01
7604.90 8.903e-01
7606.90 8.715e-01
7608.90 8.745e-01
7610.90 8.734e-01
7612.90 8.837e-01
7614.90 8.776e-01
7616.90 8.830e-01
7618.90 8.803e-01
7620.90 8.690e-01
7622.90 8.870e-01
7624.90 8.883e-01
7626.90 8.656e-01
7628.90 8.772e-01
7630.90 8.799e-01
7632.90 8.710e-01
7634.90 8.675e-01
7636.90 8.750e-01
7638.90 8.752e-01
7640.90 8.719e-01
7642.90 8.793e-01
7644.90 8.861e-01
7646.90 8.802e-01
7648.90 8.733e-01
7650.90 8.796e-01
7652.90 8.873e-01
7654.90 8.835e-01
7656.90 8.878e-01
7658.90 8.829e-01
7660.90 8.766e-01
7662.90 8.862e-01
7664.90 8.958e-01
7666.90 8.763e-01
7668.90 8.633e-01
7670.90 8.823e-01
7672.90 8.804e-01
7674.90 8.749e-01
7676.90 8.840e-01
7678.90 8.948e-01
7680.90 8.896e-01
7682.90 8.766e-01
7684.90 8.832e-01
7686.90 8.859e-01
7688.90 8.985e-01
7690.90 8.797e-01
7692.90 8.639e-01
7694.90 8.782e-01
7696.90 8.824e-01
7698.90 8.927e-01
7700.90 9.080e-01
7702.90 8.829e-01
7704.90 8.798e-01
7706.90 8.910e-01
7708.90 8.962e-01
7710.90 8.775e-01
7712.90 8.694e-01
7714.90 8.961e-01
7716.90 8.940e-01
7718.90 9.126e-01
7720.90 9.106e-01
7722.90 9.004e-01
7724.90 8.999e-01
7726.90 8.994e-01
7728.90 8.963e-01
7730.90 9.039e-01
7732.90 8.934e-01
7734.90 8.912e-01
7736.90 8.926e-01
7738.90 8.781e-01
7740.90 8.792e-01
7742.90 8.970e-01
7744.90 8.955e-01
7746.90 8.931e-01
7748.90 8.892e-01
7750.90 8.828e-01
7752.90 8.955e-01
7754.90 8.919e-01
7756.90 9.077e-01
7758.90 8.977e-01
7760.90 8.812e-01
7762.90 9.020e-01
7764.90 9.162e-01
7766.90 8.668e-01
7768.90 8.697e-01
7770.90 9.004e-01
7772.90 8.890e-01
7774.90 8.938e-01
7776.90 8.870e-01
7778.90 9.033e-01
7780.90 9.093e-01
7782.90 9.090e-01
7784.90 8.947e-01
7786.90 8.715e-01
7788.90 8.909e-01
7790.90 8.843e-01
7792.90 8.841e-01
7794.90 8.871e-01
7796.90 8.899e-01
7798.90 8.895e-01
7800.90 8.917e-01
7802.90 8.708e-01
7804.90 8.722e-01
7806.90 8.818e-01
7808.90 8.740e-01
7810.90 8.742e-01
7812.90 8.761e-01
7814.90 8.717e-01
7816.90 8.923e-01
7818.90 8.717e-01
7820.90 8.662e-01
7822.90 8.750e-01
7824.90 8.803e-01
7826.90 8.600e-01
7828.90 8.694e-01
7830.90 8.630e-01
7832.90 8.421e-01
7834.90 8.563e-01
7836.90 8.698e-01
7838.90 8.657e-01
7840.90 8.636e-01
7842.90 8.536e-01
7844.90 8.597e-01
7846.90 8.643e-01
7848.90 8.633e-01
7850.90 8.501e-01
7852.90 8.321e-01
7854.90 8.467e-01
7856.90 8.698e-01
7858.90 8.596e-01
7860.90 8.689e-01
7862.90 8.816e-01
7864.90 8.444e-01
7866.90 8.282e-01
7868.90 8.114e-01
7870.90 8.627e-01
7872.90 8.667e-01
7874.90 8.297e-01
7876.90 8.520e-01
7878.90 8.823e-01
7880.90 8.738e-01
7882.90 8.735e-01
7884.90 8.640e-01
7886.90 8.668e-01
7888.90 8.701e-01
7890.90 8.637e-01
7892.90 8.643e-01
7894.90 8.455e-01
7896.90 8.430e-01
7898.90 8.659e-01
7900.90 8.838e-01
7902.90 8.787e-01
7904.90 8.895e-01
7906.90 9.007e-01
7908.90 8.814e-01
7910.90 8.675e-01
7912.90 8.500e-01
7914.90 8.406e-01
7916.90 8.553e-01
7918.90 8.548e-01
7920.90 8.534e-01
7922.90 8.462e-01
7924.90 8.564e-01
7926.90 8.526e-01
7928.90 8.478e-01
7930.90 8.371e-01
7932.90 8.354e-01
7934.90 8.204e-01
7936.90 8.297e-01
7938.90 8.412e-01
7940.90 8.391e-01
7942.90 8.386e-01
7944.90 8.447e-01
7946.90 8.289e-01
7948.90 8.152e-01
7950.90 8.420e-01
7952.90 8.228e-01
7954.90 8.213e-01
7956.90 8.402e-01
7958.90 8.317e-01
7960.90 8.242e-01
7962.90 8.275e-01
7964.90 8.192e-01
7966.90 8.239e-01
7968.90 8.276e-01
7970.90 8.200e-01
7972.90 8.163e-01
7974.90 8.160e-01
7976.90 8.168e-01
7978.90 8.086e-01
7980.90 8.057e-01
7982.90 8.101e-01
7984.90 8.081e-01
7986.90 8.080e-01
7988.90 8.089e-01
7990.90 8.219e-01
7992.90 8.242e-01
7994.90 8.049e-01
7996.90 8.067e-01
7998.90 8.055e-01
8000.90 8.062e-01
8002.90 7.844e-01
8004.90 7.563e-01
8006.90 7.774e-01
8008.90 8.176e-01
8010.90 8.149e-01
8012.90 8.164e-01
8014.90 8.098e-01
8016.90 8.086e-01
8018.90 8.175e-01
8020.90 8.003e-01
8022.90 8.101e-01
8024.90 8.203e-01
8026.90 7.774e-01
8028.90 7.795e-01
8030.90 8.122e-01
8032.90 8.028e-01
8034.90 7.828e-01
8036.90 7.450e-01
8038.90 7.761e-01
8040.90 7.946e-01
8042.90 7.981e-01
8044.90 8.039e-01
8046.90 8.015e-01
8048.90 7.974e-01
8050.90 7.973e-01
8052.90 8.045e-01
8054.90 7.892e-01
8056.90 7.432e-01
8058.90 7.269e-01
8060.90 7.566e-01
8062.90 8.005e-01
8064.90 8.066e-01
8066.90 8.025e-01
8068.90 7.976e-01
8070.90 7.981e-01
8072.90 7.984e-01
8074.90 7.938e-01
8076.90 7.863e-01
8078.90 7.916e-01
8080.90 7.967e-01
8082.90 7.924e-01
8084.90 8.010e-01
8086.90 8.005e-01
8088.90 7.912e-01
8090.90 7.952e-01
8092.90 7.959e-01
8094.90 7.930e-01
8096.90 7.808e-01
8098.90 7.726e-01
8100.90 7.872e-01
8102.90 7.877e-01
8104.90 7.915e-01
8106.90 7.949e-01
8108.90 7.964e-01
8110.90 7.915e-01
8112.90 8.044e-01
8114.90 7.864e-01
8116.90 7.648e-01
8118.90 7.735e-01
8120.90 8.027e-01
8122.90 8.032e-01
8124.90 8.036e-01
8126.90 8.119e-01
8128.90 8.043e-01
8130.90 7.895e-01
8132.90 7.620e-01
8134.90 7.811e-01
8136.90 8.043e-01
8138.90 7.912e-01
8140.90 7.935e-01
8142.90 8.040e-01
8144.90 8.018e-01
8146.90 7.905e-01
8148.90 7.936e-01
8150.90 7.954e-01
8152.90 7.932e-01
8154.90 7.795e-01
8156.90 7.720e-01
8158.90 7.980e-01
8160.90 8.045e-01
8162.90 8.008e-01
8164.90 7.925e-01
8166.90 7.965e-01
8168.90 7.701e-01
8170.90 7.651e-01
8172.90 7.837e-01
8174.90 7.790e-01
8176.90 7.793e-01
8178.90 8.093e-01
8180.90 7.747e-01
8182.90 7.497e-01
8184.90 7.817e-01
8186.90 7.846e-01
8188.90 7.776e-01
8190.90 7.812e-01
8192.90 7.839e-01
8194.90 7.768e-01
8196.90 7.838e-01
8198.90 7.944e-01
8200.90 7.662e-01
8202.90 7.726e-01
8204.90 7.858e-01
8206.90 7.964e-01
8208.90 7.961e-01
8210.90 7.737e-01
8212.90 7.904e-01
8214.90 7.962e-01
8216.90 8.037e-01
8218.90 8.068e-01
8220.90 7.997e-01
8222.90 8.031e-01
8224.90 8.033e-01
8226.90 8.079e-01
8228.90 8.168e-01
8230.90 8.145e-01
8232.90 8.104e-01
8234.90 8.149e-01
8236.90 8.323e-01
8238.90 8.365e-01
8240.90 8.288e-01
8242.90 8.130e-01
8244.90 8.182e-01
8246.90 8.273e-01
8248.90 8.193e-01
8250.90 8.093e-01
8252.90 8.100e-01
8254.90 8.155e-01
8256.90 8.204e-01
8258.90 8.051e-01
8260.90 8.058e-01
8262.90 8.241e-01
8264.90 8.138e-01
8266.90 8.072e-01
8268.90 8.177e-01
8270.90 8.068e-01
8272.90 8.136e-01
8274.90 8.020e-01
8276.90 8.034e-01
8278.90 8.147e-01
8280.90 8.113e-01
8282.90 8.084e-01
8284.90 8.134e-01
8286.90 8.033e-01
8288.90 8.050e-01
8290.90 8.116e-01
8292.90 8.033e-01
8294.90 8.022e-01
8296.90 8.022e-01
8298.90 8.058e-01
8300.90 8.089e-01
8302.90 8.009e-01
8304.90 7.882e-01
8306.90 7.866e-01
8308.90 7.752e-01
8310.90 7.866e-01
8312.90 8.096e-01
8314.90 7.900e-01
8316.90 7.839e-01
8318.90 7.934e-01
8320.90 7.912e-01
8322.90 7.857e-01
8324.90 7.845e-01
8326.90 7.923e-01
8328.90 7.981e-01
8330.90 7.926e-01
8332.90 7.860e-01
8334.90 7.790e-01
8336.90 7.912e-01
8338.90 7.890e-01
8340.90 7.829e-01
8342.90 7.884e-01
8344.90 7.879e-01
8346.90 7.820e-01
8348.90 7.910e-01
8350.90 7.943e-01
8352.90 7.829e-01
8354.90 7.888e-01
8356.90 8.035e-01
8358.90 7.867e-01
8360.90 7.908e-01
8362.90 7.959e-01
8364.90 7.806e-01
8366.90 7.905e-01
8368.90 7.923e-01
8370.90 7.883e-01
8372.90 7.896e-01
8374.90 7.913e-01
8376.90 7.907e-01
8378.90 7.998e-01
8380.90 7.797e-01
8382.90 8.006e-01
8384.90 7.995e-01
8386.90 7.865e-01
8388.90 7.955e-01
8390.90 7.943e-01
8392.90 7.909e-01
8394.90 7.979e-01
8396.90 8.007e-01
8398.90 7.810e-01
8400.90 7.755e-01
8402.90 8.039e-01
8404.90 8.021e-01
8406.90 7.966e-01
8408.90 7.801e-01
8410.90 8.001e-01
8412.90 8.247e-01
8414.90 8.170e-01
8416.90 7.890e-01
8418.90 8.166e-01
8420.90 8.142e-01
8422.90 8.002e-01
8424.90 8.031e-01
8426.90 7.991e-01
8428.90 8.260e-01
8430.90 8.462e-01
8432.90 8.475e-01
8434.90 8.564e-01
8436.90 8.401e-01
8438.90 8.628e-01
8440.90 8.389e-01
8442.90 8.498e-01
8444.90 8.808e-01
8446.90 8.770e-01
8448.90 8.789e-01
8450.90 9.019e-01
8452.90 9.063e-01
8454.90 9.234e-01
8456.90 9.131e-01
8458.90 9.426e-01
8460.90 9.289e-01
8462.90 9.190e-01
8464.90 9.645e-01
8466.90 8.739e-01
8468.90 8.334e-01
8470.90 8.929e-01
8472.90 9.127e-01
8474.90 8.908e-01
8476.90 8.678e-01
8478.90 9.114e-01
8480.90 9.174e-01
8482.90 8.812e-01
8484.90 8.834e-01
8486.90 8.609e-01
8488.90 8.869e-01
8490.90 9.170e-01
8492.90 8.935e-01
8494.90 8.992e-01
8496.90 8.578e-01
8498.90 8.616e-01
8500.90 8.218e-01
8502.90 8.294e-01
8504.90 8.758e-01
8506.90 8.148e-01
8508.90 8.832e-01
8510.90 8.998e-01
8512.90 8.653e-01
8514.90 8.806e-01
8516.90 9.014e-01
8518.90 9.346e-01
8520.90 8.671e-01
8522.90 8.037e-01
8524.90 8.487e-01
8526.90 8.157e-01
8528.90 7.887e-01
8530.90 7.929e-01
8532.90 8.355e-01
8534.90 8.476e-01
8536.90 8.701e-01
8538.90 8.581e-01
8540.90 8.314e-01
8542.90 8.011e-01
8544.90 8.199e-01
8546.90 8.259e-01
8548.90 7.915e-01
8550.90 8.136e-01
8552.90 8.574e-01
8554.90 8.387e-01
8556.90 7.906e-01
8558.90 8.117e-01
8560.90 8.593e-01
8562.90 7.879e-01
8564.90 7.566e-01
8566.90 7.740e-01
8568.90 7.758e-01
8570.90 8.030e-01
8572.90 7.526e-01
8574.90 7.360e-01
8576.90 7.516e-01
8578.90 7.799e-01
8580.90 7.651e-01
8582.90 7.866e-01
8584.90 8.056e-01
8586.90 7.703e-01
8588.90 7.685e-01
8590.90 7.651e-01
8592.90 7.483e-01
8594.90 7.536e-01
8596.90 7.408e-01
8598.90 7.544e-01
8600.90 7.848e-01
8602.90 8.007e-01
8604.90 7.499e-01
8606.90 7.515e-01
8608.90 7.582e-01
8610.90 7.417e-01
8612.90 7.493e-01
8614.90 7.657e-01
8616.90 7.229e-01
8618.90 7.176e-01
8620.90 7.422e-01
8622.90 7.514e-01
8624.90 7.344e-01
8626.90 7.319e-01
8628.90 7.423e-01
8630.90 7.376e-01
8632.90 7.437e-01
8634.90 7.285e-01
8636.90 7.297e-01
8638.90 7.493e-01
8640.90 7.430e-01
8642.90 7.387e-01
8644.90 7.285e-01
8646.90 7.304e-01
8648.90 7.866e-01
8650.90 7.640e-01
8652.90 7.331e-01
8654.90 7.081e-01
8656.90 7.077e-01
8658.90 7.244e-01
8660.90 7.200e-01
8662.90 7.607e-01
8664.90 6.615e-01
8666.90 6.489e-01
8668.90 7.004e-01
8670.90 6.731e-01
8672.90 7.266e-01
8674.90 7.653e-01
8676.90 7.098e-01
8678.90 7.129e-01
8680.90 7.810e-01
8682.90 7.859e-01
8684.90 7.670e-01
8686.90 7.229e-01
8688.90 7.136e-01
8690.90 7.101e-01
8692.90 7.199e-01
8694.90 7.469e-01
8696.90 6.982e-01
8698.90 7.210e-01
8700.90 7.092e-01
8702.90 6.679e-01
8704.90 7.234e-01
8706.90 7.436e-01
8708.90 6.534e-01
8710.90 6.674e-01
8712.90 7.504e-01
8714.90 7.529e-01
8716.90 7.367e-01
8718.90 7.643e-01
8720.90 7.834e-01
8722.90 7.590e-01
8724.90 7.297e-01
8726.90 6.906e-01
8728.90 6.886e-01
8730.90 7.255e-01
8732.90 6.990e-01
8734.90 7.366e-01
8736.90 7.234e-01
8738.90 6.997e-01
8740.90 6.878e-01
8742.90 7.233e-01
8744.90 7.156e-01
8746.90 6.429e-01
8748.90 6.662e-01
8750.90 7.042e-01
8752.90 7.064e-01
8754.90 7.349e-01
8756.90 7.446e-01
8758.90 6.998e-01
8760.90 6.905e-01
8762.90 7.112e-01
8764.90 6.902e-01
8766.90 6.856e-01
8768.90 6.953e-01
8770.90 6.797e-01
8772.90 6.680e-01
8774.90 6.813e-01
8776.90 6.842e-01
8778.90 6.881e-01
8780.90 7.204e-01
8782.90 7.027e-01
8784.90 7.072e-01
8786.90 6.813e-01
8788.90 6.881e-01
8790.90 6.874e-01
8792.90 6.872e-01
8794.90 6.985e-01
8796.90 6.993e-01
8798.90 7.000e-01
8800.90 7.015e-01
8802.90 6.939e-01
8804.90 6.718e-01
8806.90 6.675e-01
8808.90 6.691e-01
8810.90 6.657e-01
8812.90 6.884e-01
8814.90 6.786e-01
8816.90 6.633e-01
8818.90 6.798e-01
8820.90 6.896e-01
8822.90 6.798e-01
8824.90 6.750e-01
8826.90 6.726e-01
8828.90 6.876e-01
8830.90 6.832e-01
8832.90 6.742e-01
8834.90 6.802e-01
8836.90 6.532e-01
8838.90 6.530e-01
8840.90 6.657e-01
8842.90 6.623e-01
8844.90 6.906e-01
8846.90 7.055e-01
8848.90 6.826e-01
8850.90 6.589e-01
8852.90 6.581e-01
8854.90 6.596e-01
8856.90 6.784e-01
8858.90 6.790e-01
8860.90 6.845e-01
8862.90 6.800e-01
8864.90 6.914e-01
8866.90 6.903e-01
8868.90 6.805e-01
8870.90 6.878e-01
8872.90 6.690e-01
8874.90 6.715e-01
8876.90 7.012e-01
8878.90 7.134e-01
8880.90 7.041e-01
8882.90 6.850e-01
8884.90 6.754e-01
8886.90 6.689e-01
8888.90 7.080e-01
8890.90 6.887e-01
8892.90 6.606e-01
8894.90 6.790e-01
8896.90 6.505e-01
8898.90 6.686e-01
8900.90 6.952e-01
8902.90 6.893e-01
8904.90 6.867e-01
8906.90 6.452e-01
8908.90 6.389e-01
8910.90 5.981e-01
8912.90 6.093e-01
8914.90 6.523e-01
8916.90 6.917e-01
8918.90 6.749e-01
8920.90 6.630e-01
8922.90 6.941e-01
8924.90 6.991e-01
8926.90 6.875e-01
8928.90 6.908e-01
8930.90 6.658e-01
8932.90 6.840e-01
8934.90 6.446e-01
8936.90 6.259e-01
8938.90 6.395e-01
8940.90 6.457e-01
8942.90 6.452e-01
8944.90 6.213e-01
8946.90 6.057e-01
8948.90 6.606e-01
8950.90 7.082e-01
8952.90 6.487e-01
8954.90 6.667e-01
8956.90 6.627e-01
8958.90 6.510e-01
8960.90 6.640e-01
8962.90 6.367e-01
8964.90 6.487e-01
8966.90 6.836e-01
8968.90 6.654e-01
8970.90 6.539e-01
8972.90 6.785e-01
8974.90 6.756e-01
8976.90 6.613e-01
8978.90 6.695e-01
8980.90 6.564e-01
8982.90 6.390e-01
8984.90 6.323e-01
8986.90 6.640e-01
8988.90 6.554e-01
8990.90 6.531e-01
8992.90 6.628e-01
8994.90 6.638e-01
8996.90 6.580e-01
8998.90 6.662e-01
9000.90 6.614e-01
9002.90 6.681e-01
9004.90 6.766e-01
9006.90 6.645e-01
9008.90 6.644e-01
9010.90 6.589e-01
9012.90 6.522e-01
9014.90 6.673e-01
9016.90 6.719e-01
9018.90 6.663e-01
9020.90 6.507e-01
9022.90 6.609e-01
9024.90 6.828e-01
9026.90 6.855e-01
9028.90 6.874e-01
9030.90 6.791e-01
9032.90 6.663e-01
9034.90 6.689e-01
9036.90 6.677e-01
9038.90 6.723e-01
9040.90 6.770e-01
9042.90 7.016e-01
9044.90 6.928e-01
9046.90 6.823e-01
9048.90 6.914e-01
9050.90 6.843e-01
9052.90 6.189e-01
9054.90 6.371e-01
9056.90 6.751e-01
9058.90 6.769e-01
9060.90 6.739e-01
9062.90 6.855e-01
9064.90 6.878e-01
9066.90 6.844e-01
9068.90 6.673e-01
9070.90 6.686e-01
9072.90 6.759e-01
9074.90 6.688e-01
9076.90 6.940e-01
9078.90 6.945e-01
9080.90 6.794e-01
9082.90 6.783e-01
9084.90 6.836e-01
9086.90 6.729e-01
9088.90 6.715e-01
9090.90 6.670e-01
9092.90 6.684e-01
9094.90 6.624e-01
9096.90 6.696e-01
9098.90 6.816e-01
9100.90 6.414e-01
9102.90 6.441e-01
9104.90 6.665e-01
9106.90 6.778e-01
9108.90 6.670e-01
9110.90 6.450e-01
9112.90 6.441e-01
9114.90 6.564e-01
9116.90 6.785e-01
9118.90 6.822e-01
9120.90 6.666e-01
9122.90 6.688e-01
9124.90 6.374e-01
9126.90 6.289e-01
9128.90 6.649e-01
9130.90 6.823e-01
9132.90 6.824e-01
9134.90 6.608e-01
9136.90 6.675e-01
9138.90 6.870e-01
9140.90 6.960e-01
9142.90 6.831e-01
9144.90 6.706e-01
9146.90 6.496e-01
9148.90 6.766e-01
9150.90 6.722e-01
9152.90 6.584e-01
9154.90 6.671e-01
9156.90 6.651e-01
9158.90 6.614e-01
9160.90 6.811e-01
9162.90 6.627e-01
9164.90 6.496e-01
9166.90 6.576e-01
9168.90 6.506e-01
9170.90 6.711e-01
9172.90 6.640e-01
9174.90 6.620e-01
9176.90 6.639e-01
9178.90 6.801e-01
9180.90 6.851e-01
9182.90 6.792e-01
9184.90 6.813e-01
9186.90 6.591e-01
9188.90 6.784e-01
9190.90 6.816e-01
9192.90 6.752e-01
9194.90 6.838e-01
9196.90 6.650e-01
9198.90 6.986e-01
9200.90 6.879e-01
9202.90 6.689e-01
9204.90 6.679e-01
9206.90 6.707e-01
9208.90 6.800e-01
9210.90 6.922e-01
9212.90 6.894e-01
9214.90 7.082e-01
9216.90 7.084e-01
9218.90 6.899e-01
9220.90 6.879e-01
9222.90 7.027e-01
9224.90 7.128e-01
9226.90 6.913e-01
9228.90 6.931e-01
9230.90 7.077e-01
9232.90 7.145e-01
9234.90 7.168e-01
9236.90 7.014e-01
9238.90 6.994e-01
9240.90 7.067e-01
9242.90 6.959e-01
9244.90 6.849e-01
9246.90 6.991e-01
9248.90 7.105e-01
9250.90 7.089e-01
9252.90 7.091e-01
9254.90 7.127e-01
9256.90 7.076e-01
9258.90 6.929e-01
9260.90 6.820e-01
9262.90 6.830e-01
9264.90 7.026e-01
9266.90 7.015e-01
9268.90 6.955e-01
9270.90 6.789e-01
9272.90 6.801e-01
9274.90 6.938e-01
9276.90 6.926e-01
9278.90 6.988e-01
9280.90 6.891e-01
9282.90 6.953e-01
9284.90 6.960e-01
9286.90 6.805e-01
9288.90 6.619e-01
9290.90 6.724e-01
9292.90 6.846e-01
9294.90 6.697e-01
9296.90 6.664e-01
9298.90 6.748e-01
9300.90 6.755e-01
9302.90 6.593e-01
9304.90 6.479e-01
9306.90 6.501e-01
9308.90 6.639e-01
9310.90 6.659e-01
9312.90 6.576e-01
9314.90 6.543e-01
9316.90 6.462e-01
9318.90 6.471e-01
9320.90 6.435e-01
9322.90 6.498e-01
9324.90 6.523e-01
9326.90 6.498e-01
9328.90 6.488e-01
9330.90 6.445e-01
9332.90 6.305e-01
9334.90 6.311e-01
9336.90 6.297e-01
9338.90 6.326e-01
9340.90 6.462e-01
9342.90 6.445e-01
9344.90 6.315e-01
9346.90 6.302e-01
9348.90 6.260e-01
9350.90 6.252e-01
9352.90 6.331e-01
9354.90 6.166e-01
9356.90 6.187e-01
9358.90 6.368e-01
9360.90 6.334e-01
9362.90 6.282e-01
9364.90 6.196e-01
9366.90 6.040e-01
9368.90 6.027e-01
9370.90 6.211e-01
9372.90 6.199e-01
9374.90 6.150e-01
9376.90 6.223e-01
9378.90 6.245e-01
9380.90 6.211e-01
9382.90 6.164e-01
9384.90 6.145e-01
9386.90 6.176e-01
9388.90 6.092e-01
9390.90 5.970e-01
9392.90 6.100e-01
9394.90 6.161e-01
9396.90 6.057e-01
9398.90 6.181e-01
9400.90 6.335e-01
9402.90 6.103e-01
9404.90 6.053e-01
9406.90 6.072e-01
9408.90 5.956e-01
9410.90 5.805e-01
9412.90 5.863e-01
9414.90 5.926e-01
9416.90 5.987e-01
9418.90 6.229e-01
9420.90 6.275e-01
9422.90 5.873e-01
9424.90 5.805e-01
9426.90 5.755e-01
9428.90 5.825e-01
9430.90 5.795e-01
9432.90 5.818e-01
9434.90 5.865e-01
9436.90 5.819e-01
9438.90 6.178e-01
9440.90 6.196e-01
9442.90 5.769e-01
9444.90 5.692e-01
9446.90 5.918e-01
9448.90 5.910e-01
9450.90 6.034e-01
9452.90 5.923e-01
9454.90 6.059e-01
9456.90 6.028e-01
9458.90 5.897e-01
9460.90 6.001e-01
9462.90 6.124e-01
9464.90 6.166e-01
9466.90 5.906e-01
9468.90 5.924e-01
9470.90 6.175e-01
9472.90 6.170e-01
9474.90 5.695e-01
9476.90 5.881e-01
9478.90 6.134e-01
9480.90 5.978e-01
9482.90 5.932e-01
9484.90 6.199e-01
9486.90 5.924e-01
9488.90 5.752e-01
9490.90 5.933e-01
9492.90 6.063e-01
9494.90 6.169e-01
9496.90 6.215e-01
9498.90 6.054e-01
9500.90 5.862e-01
9502.90 5.904e-01
9504.90 6.111e-01
9506.90 6.200e-01
9508.90 6.156e-01
9510.90 6.251e-01
9512.90 6.325e-01
9514.90 6.401e-01
9516.90 6.188e-01
9518.90 6.442e-01
9520.90 6.478e-01
9522.90 6.453e-01
9524.90 6.496e-01
9526.90 6.546e-01
9528.90 6.692e-01
9530.90 6.685e-01
9532.90 6.744e-01
9534.90 6.689e-01
9536.90 6.548e-01
9538.90 6.749e-01
9540.90 6.874e-01
9542.90 6.949e-01
9544.90 6.889e-01
9546.90 6.704e-01
9548.90 6.671e-01
9550.90 6.687e-01
9552.90 6.666e-01
9554.90 6.624e-01
9556.90 6.675e-01
9558.90 6.679e-01
9560.90 6.581e-01
9562.90 6.403e-01
9564.90 6.589e-01
9566.90 6.513e-01
9568.90 6.516e-01
9570.90 6.320e-01
9572.90 6.191e-01
9574.90 6.500e-01
9576.90 6.557e-01
9578.90 6.521e-01
9580.90 6.553e-01
9582.90 6.455e-01
9584.90 6.472e-01
9586.90 6.441e-01
9588.90 6.423e-01
9590.90 6.509e-01
9592.90 6.456e-01
9594.90 6.330e-01
9596.90 6.257e-01
9598.90 6.357e-01
9600.90 6.292e-01
9602.90 6.182e-01
9604.90 5.884e-01
9606.90 5.756e-01
9608.90 5.921e-01
9610.90 6.067e-01
9612.90 6.217e-01
9614.90 6.186e-01
9616.90 6.117e-01
9618.90 6.123e-01
9620.90 6.026e-01
9622.90 5.981e-01
9624.90 5.936e-01
9626.90 5.979e-01
9628.90 6.033e-01
9630.90 5.979e-01
9632.90 6.070e-01
9634.90 6.090e-01
9636.90 5.993e-01
9638.90 5.930e-01
9640.90 5.811e-01
9642.90 5.796e-01
9644.90 5.615e-01
9646.90 5.768e-01
9648.90 6.022e-01
9650.90 5.939e-01
9652.90 5.856e-01
9654.90 5.830e-01
9656.90 5.766e-01
9658.90 5.671e-01
9660.90 5.717e-01
9662.90 5.775e-01
9664.90 5.816e-01
9666.90 5.743e-01
9668.90 5.584e-01
9670.90 5.565e-01
9672.90 5.753e-01
9674.90 5.756e-01
9676.90 5.634e-01
9678.90 5.573e-01
9680.90 5.400e-01
9682.90 5.441e-01
9684.90 5.496e-01
9686.90 5.340e-01
9688.90 5.602e-01
9690.90 5.669e-01
9692.90 5.589e-01
9694.90 5.613e-01
9696.90 5.614e-01
9698.90 5.694e-01
9700.90 5.749e-01
9702.90 5.462e-01
9704.90 5.620e-01
9706.90 5.522e-01
9708.90 5.414e-01
9710.90 5.371e-01
9712.90 5.520e-01
9714.90 5.605e-01
9716.90 5.534e-01
9718.90 5.577e-01
9720.90 5.446e-01
9722.90 5.423e-01
9724.90 5.543e-01
9726.90 5.543e-01
9728.90 5.582e-01
9730.90 5.302e-01
9732.90 5.313e-01
9734.90 5.264e-01
9736.90 5.352e-01
9738.90 5.653e-01
9740.90 5.439e-01
9742.90 5.403e-01
9744.90 5.493e-01
9746.90 5.545e-01
9748.90 5.560e-01
9750.90 5.532e-01
9752.90 5.570e-01
9754.90 5.442e-01
9756.90 5.279e-01
9758.90 5.351e-01
9760.90 5.409e-01
9762.90 5.538e-01
9764.90 5.657e-01
9766.90 5.356e-01
9768.90 5.353e-01
9770.90 5.425e-01
9772.90 5.287e-01
9774.90 5.336e-01
9776.90 5.390e-01
9778.90 5.343e-01
9780.90 5.332e-01
9782.90 5.400e-01
9784.90 5.401e-01
9786.90 5.409e-01
9788.90 5.440e-01
9790.90 5.530e-01
9792.90 5.458e-01
9794.90 5.299e-01
9796.90 5.331e-01
9798.90 5.322e-01
9800.90 5.239e-01
9802.90 5.236e-01
9804.90 5.357e-01
9806.90 5.328e-01
9808.90 5.309e-01
9810.90 5.335e-01
9812.90 5.497e-01
9814.90 5.436e-01
9816.90 5.416e-01
9818.90 5.429e-01
9820.90 5.563e-01
9822.90 5.511e-01
9824.90 5.400e-01
9826.90 5.517e-01
9828.90 5.412e-01
9830.90 5.370e-01
9832.90 5.345e-01
9834.90 5.404e-01
9836.90 5.343e-01
9838.90 5.371e-01
9840.90 5.305e-01
9842.90 5.211e-01
9844.90 5.366e-01
9846.90 5.663e-01
9848.90 5.542e-01
9850.90 5.482e-01
9852.90 5.571e-01
9854.90 5.481e-01
9856.90 5.444e-01
9858.90 5.521e-01
9860.90 5.609e-01
9862.90 5.537e-01
9864.90 5.540e-01
9866.90 5.468e-01
9868.90 5.588e-01
9870.90 5.705e-01
9872.90 5.552e-01
9874.90 5.531e-01
9876.90 5.462e-01
9878.90 5.591e-01
9880.90 5.585e-01
9882.90 5.424e-01
9884.90 5.541e-01
9886.90 5.416e-01
9888.90 5.440e-01
9890.90 5.437e-01
9892.90 5.428e-01
9894.90 5.526e-01
9896.90 5.326e-01
9898.90 5.445e-01
9900.90 5.522e-01
9902.90 5.451e-01
9904.90 5.428e-01
9906.90 5.466e-01
9908.90 5.445e-01
9910.90 5.379e-01
9912.90 5.448e-01
9914.90 5.399e-01
9916.90 5.354e-01
9918.90 5.612e-01
9920.90 5.567e-01
9922.90 5.549e-01
9924.90 5.599e-01
9926.90 5.548e-01
9928.90 5.593e-01
9930.90 5.216e-01
9932.90 5.229e-01
9934.90 5.541e-01
9936.90 5.255e-01
9938.90 5.429e-01
9940.90 5.717e-01
9942.90 5.560e-01
9944.90 5.425e-01
9946.90 5.599e-01
9948.90 5.556e-01
9950.90 5.597e-01
9952.90 5.634e-01
9954.90 5.524e-01
9956.90 5.520e-01
9958.90 5.700e-01
9960.90 5.810e-01
9962.90 5.936e-01
9964.90 5.629e-01
9966.90 5.448e-01
9968.90 5.551e-01
9970.90 5.646e-01
9972.90 5.714e-01
9974.90 5.883e-01
9976.90 6.086e-01
9978.90 5.676e-01
9980.90 5.669e-01
9982.90 5.832e-01
9984.90 5.813e-01
9986.90 5.905e-01
9988.90 6.089e-01
9990.90 5.828e-01
9992.90 5.682e-01
9994.90 5.976e-01
9996.90 5.872e-01
9998.90 5.890e-01
10000.90 5.860e-01
10002.90 5.975e-01
10004.90 6.292e-01
10006.90 6.314e-01
10008.90 6.201e-01
10010.90 6.335e-01
10012.90 6.269e-01
10014.90 6.210e-01
10016.90 6.472e-01
10018.90 6.457e-01
10020.90 6.328e-01
10022.90 6.280e-01
10024.90 6.268e-01
10026.90 6.547e-01
10028.90 6.504e-01
10030.90 6.636e-01
10032.90 6.818e-01
10034.90 6.709e-01
10036.90 6.460e-01
10038.90 6.538e-01
10040.90 6.664e-01
10042.90 6.756e-01
10044.90 6.701e-01
10046.90 6.692e-01
10048.90 6.594e-01
10050.90 6.539e-01
10052.90 6.612e-01
10054.90 6.637e-01
10056.90 6.559e-01
10058.90 6.531e-01
10060.90 6.539e-01
10062.90 6.566e-01
10064.90 6.539e-01
10066.90 6.655e-01
10068.90 6.643e-01
10070.90 6.437e-01
10072.90 6.498e-01
10074.90 6.500e-01
10076.90 6.510e-01
10078.90 6.381e-01
10080.90 6.458e-01
10082.90 6.482e-01
10084.90 6.477e-01
10086.90 6.411e-01
10088.90 6.247e-01
10090.90 6.239e-01
10092.90 6.378e-01
10094.90 6.221e-01
10096.90 6.166e-01
10098.90 6.178e-01
10100.90 5.964e-01
10102.90 6.049e-01
10104.90 6.186e-01
10106.90 5.978e-01
10108.90 6.075e-01
10110.90 5.969e-01
10112.90 5.886e-01
10114.90 6.037e-01
10116.90 5.895e-01
10118.90 5.777e-01
10120.90 5.271e-01
10122.90 5.306e-01
10124.90 5.596e-01
10126.90 5.681e-01
10128.90 5.616e-01
10130.90 5.794e-01
10132.90 5.630e-01
10134.90 5.445e-01
10136.90 5.309e-01
10138.90 5.543e-01
10140.90 5.666e-01
10142.90 5.599e-01
10144.90 5.675e-01
10146.90 5.570e-01
10148.90 5.668e-01
10150.90 5.633e-01
10152.90 5.651e-01
10154.90 5.505e-01
10156.90 5.361e-01
10158.90 5.433e-01
10160.90 5.401e-01
10162.90 5.443e-01
10164.90 5.510e-01
10166.90 5.585e-01
10168.90 5.414e-01
10170.90 5.291e-01
10172.90 5.576e-01
10174.90 5.650e-01
10176.90 5.438e-01
10178.90 5.356e-01
10180.90 5.323e-01
10182.90 5.409e-01
10184.90 5.363e-01
10186.90 5.502e-01
10188.90 5.699e-01
10190.90 5.477e-01
10192.90 5.415e-01
10194.90 5.408e-01
10196.90 5.104e-01
10198.90 5.104e-01
10200.90 5.403e-01
10202.90 5.397e-01
10204.90 5.226e-01
10206.90 5.224e-01
10208.90 5.341e-01
10210.90 5.516e-01
10212.90 5.250e-01
10214.90 5.196e-01
10216.90 4.954e-01
10218.90 4.767e-01
10220.90 5.097e-01
10222.90 5.136e-01
10224.90 4.953e-01
10226.90 5.071e-01
10228.90 5.119e-01
10230.90 4.978e-01
10232.90 5.084e-01
10234.90 5.160e-01
10236.90 5.237e-01
10238.90 5.061e-01
10240.90 5.070e-01
10242.90 5.112e-01
10244.90 5.113e-01
10246.90 5.158e-01
10248.90 5.223e-01
10250.90 5.147e-01
10252.90 5.055e-01
10254.90 5.138e-01
10256.90 5.136e-01
10258.90 4.968e-01
10260.90 4.846e-01
10262.90 5.024e-01
10264.90 5.225e-01
10266.90 5.413e-01
10268.90 5.182e-01
10270.90 5.075e-01
10272.90 5.203e-01
10274.90 5.076e-01
10276.90 5.103e-01
10278.90 5.223e-01
10280.90 5.008e-01
10282.90 4.938e-01
10284.90 5.104e-01
10286.90 5.003e-01
10288.90 5.001e-01
10290.90 5.155e-01
10292.90 4.626e-01
10294.90 4.533e-01
10296.90 5.115e-01
10298.90 4.993e-01
10300.90 4.941e-01
10302.90 5.111e-01
10304.90 5.172e-01
10306.90 5.026e-01
10308.90 5.050e-01
10310.90 5.141e-01
10312.90 4.744e-01
10314.90 4.695e-01
10316.90 4.937e-01
10318.90 5.204e-01
10320.90 5.056e-01
10322.90 5.079e-01
10324.90 5.363e-01
10326.90 5.210e-01
10328.90 5.135e-01
10330.90 4.688e-01
10332.90 4.584e-01
10334.90 4.536e-01
10336.90 4.975e-01
10338.90 5.097e-01
10340.90 5.078e-01
10342.90 5.012e-01
10344.90 4.946e-01
10346.90 5.146e-01
10348.90 5.080e-01
10350.90 4.984e-01
10352.90 5.241e-01
10354.90 5.226e-01
10356.90 5.172e-01
10358.90 5.308e-01
10360.90 5.149e-01
10362.90 5.150e-01
10364.90 5.032e-01
10366.90 4.769e-01
10368.90 4.933e-01
10370.90 5.251e-01
10372.90 5.181e-01
10374.90 5.151e-01
10376.90 5.215e-01
10378.90 5.227e-01
10380.90 5.231e-01
10382.90 5.184e-01
10384.90 5.051e-01
10386.90 4.942e-01
10388.90 4.667e-01
10390.90 4.805e-01
10392.90 5.001e-01
10394.90 5.104e-01
10396.90 4.960e-01
10398.90 4.846e-01
10400.90 4.929e-01
10402.90 4.966e-01
10404.90 5.009e-01
10406.90 5.041e-01
10408.90 5.070e-01
10410.90 4.801e-01
10412.90 4.455e-01
10414.90 4.668e-01
10416.90 5.113e-01
10418.90 5.156e-01
10420.90 5.127e-01
10422.90 5.057e-01
10424.90 5.251e-01
10426.90 4.931e-01
10428.90 4.788e-01
10430.90 4.870e-01
10432.90 4.974e-01
10434.90 5.121e-01
10436.90 5.104e-01
10438.90 4.996e-01
10440.90 4.935e-01
10442.90 5.204e-01
10444.90 4.907e-01
10446.90 4.859e-01
10448.90 5.345e-01
10450.90 5.226e-01
10452.90 5.110e-01
10454.90 5.128e-01
10456.90 5.033e-01
10458.90 5.101e-01
10460.90 5.209e-01
10462.90 5.052e-01
10464.90 4.877e-01
10466.90 4.546e-01
10468.90 4.644e-01
10470.90 5.106e-01
10472.90 5.155e-01
10474.90 5.298e-01
10476.90 5.070e-01
10478.90 5.109e-01
10480.90 5.055e-01
10482.90 5.130e-01
10484.90 5.053e-01
10486.90 5.049e-01
10488.90 4.983e-01
10490.90 4.806e-01
10492.90 5.004e-01
10494.90 5.200e-01
10496.90 4.889e-01
10498.90 4.704e-01
10500.90 4.851e-01
10502.90 5.281e-01
10504.90 5.501e-01
10506.90 5.165e-01
10508.90 5.232e-01
10510.90 5.294e-01
10512.90 5.284e-01
10514.90 5.498e-01
10516.90 5.523e-01
10518.90 5.454e-01
10520.90 5.276e-01
10522.90 4.962e-01
10524.90 5.035e-01
10526.90 5.268e-01
10528.90 5.178e-01
10530.90 5.300e-01
10532.90 5.383e-01
10534.90 5.326e-01
10536.90 5.272e-01
10538.90 5.377e-01
10540.90 5.460e-01
10542.90 5.494e-01
10544.90 5.354e-01
10546.90 5.282e-01
10548.90 5.377e-01
10550.90 5.269e-01
10552.90 5.205e-01
10554.90 5.127e-01
10556.90 5.161e-01
10558.90 5.098e-01
10560.90 4.986e-01
10562.90 5.160e-01
10564.90 5.221e-01
10566.90 4.899e-01
10568.90 4.888e-01
10570.90 4.948e-01
10572.90 5.242e-01
10574.90 5.282e-01
10576.90 5.087e-01
10578.90 4.992e-01
10580.90 5.123e-01
10582.90 5.089e-01
10584.90 4.891e-01
10586.90 5.024e-01
10588.90 5.074e-01
10590.90 5.283e-01
10592.90 5.085e-01
10594.90 4.952e-01
10596.90 4.943e-01
10598.90 4.788e-01
10600.90 4.799e-01
10602.90 4.839e-01
10604.90 4.950e-01
10606.90 4.888e-01
10608.90 4.906e-01
10610.90 4.919e-01
10612.90 4.905e-01
10614.90 5.098e-01
10616.90 5.107e-01
10618.90 4.976e-01
10620.90 4.900e-01
10622.90 4.913e-01
10624.90 4.847e-01
10626.90 4.891e-01
10628.90 4.951e-01
10630.90 4.981e-01
10632.90 5.349e-01
10634.90 5.417e-01
10636.90 4.964e-01
10638.90 4.674e-01
10640.90 4.473e-01
10642.90 4.651e-01
10644.90 4.793e-01
10646.90 4.996e-01
10648.90 4.885e-01
10650.90 4.646e-01
10652.90 4.542e-01
10654.90 4.581e-01
10656.90 4.696e-01
10658.90 4.762e-01
10660.90 4.889e-01
10662.90 4.917e-01
10664.90 5.237e-01
10666.90 5.090e-01
10668.90 5.068e-01
10670.90 5.165e-01
10672.90 5.061e-01
10674.90 4.881e-01
10676.90 4.366e-01
10678.90 4.225e-01
10680.90 4.732e-01
10682.90 4.992e-01
10684.90 5.184e-01
10686.90 5.440e-01
10688.90 5.147e-01
10690.90 5.082e-01
10692.90 5.145e-01
10694.90 4.753e-01
10696.90 4.559e-01
10698.90 4.593e-01
10700.90 5.092e-01
10702.90 5.451e-01
10704.90 5.482e-01
10706.90 5.511e-01
10708.90 5.416e-01
10710.90 5.475e-01
10712.90 5.367e-01
10714.90 5.076e-01
10716.90 4.742e-01
10718.90 5.300e-01
10720.90 5.513e-01
10722.90 5.511e-01
10724.90 5.792e-01
10726.90 5.435e-01
10728.90 5.219e-01
10730.90 5.406e-01
10732.90 5.296e-01
10734.90 5.127e-01
10736.90 5.013e-01
10738.90 5.305e-01
10740.90 5.579e-01
10742.90 5.605e-01
10744.90 5.328e-01
10746.90 5.456e-01
10748.90 5.706e-01
10750.90 5.505e-01
10752.90 5.331e-01
10754.90 5.424e-01
10756.90 5.383e-01
10758.90 5.549e-01
10760.90 5.628e-01
10762.90 5.578e-01
10764.90 5.387e-01
10766.90 5.275e-01
10768.90 5.691e-01
10770.90 5.682e-01
10772.90 5.577e-01
10774.90 5.544e-01
10776.90 5.548e-01
10778.90 5.809e-01
10780.90 5.778e-01
10782.90 6.122e-01
10784.90 6.147e-01
10786.90 5.710e-01
10788.90 5.757e-01
10790.90 5.819e-01
10792.90 5.703e-01
10794.90 5.911e-01
10796.90 5.929e-01
10798.90 5.441e-01
10800.90 5.440e-01
10802.90 5.825e-01
10804.90 5.825e-01
10806.90 6.023e-01
10808.90 6.120e-01
10810.90 6.046e-01
10812.90 6.153e-01
10814.90 6.368e-01
10816.90 6.340e-01
10818.90 6.179e-01
10820.90 6.515e-01
10822.90 6.786e-01
10824.90 6.865e-01
10826.90 6.239e-01
10828.90 6.101e-01
10830.90 6.411e-01
10832.90 6.428e-01
10834.90 6.671e-01
10836.90 6.554e-01
10838.90 6.636e-01
10840.90 6.777e-01
10842.90 6.642e-01
10844.90 6.498e-01
10846.90 6.635e-01
10848.90 6.421e-01
10850.90 6.309e-01
10852.90 6.511e-01
10854.90 6.256e-01
10856.90 6.454e-01
10858.90 6.531e-01
10860.90 5.836e-01
10862.90 5.888e-01
10864.90 6.241e-01
10866.90 6.125e-01
10868.90 6.337e-01
10870.90 6.443e-01
10872.90 6.092e-01
10874.90 6.176e-01
10876.90 6.167e-01
10878.90 6.194e-01
10880.90 6.021e-01
10882.90 5.992e-01
10884.90 6.003e-01
10886.90 6.134e-01
10888.90 5.828e-01
10890.90 5.884e-01
10892.90 5.999e-01
10894.90 5.949e-01
10896.90 5.956e-01
10898.90 5.915e-01
10900.90 5.825e-01
10902.90 5.944e-01
10904.90 5.743e-01
10906.90 5.501e-01
10908.90 5.590e-01
10910.90 5.838e-01
10912.90 5.633e-01
10914.90 5.800e-01
10916.90 5.917e-01
10918.90 5.883e-01
10920.90 5.926e-01
10922.90 5.810e-01
10924.90 5.984e-01
10926.90 5.885e-01
10928.90 5.880e-01
10930.90 5.786e-01
10932.90 5.899e-01
10934.90 5.777e-01
10936.90 6.026e-01
10938.90 6.177e-01
10940.90 6.288e-01
10942.90 6.401e-01
10944.90 6.383e-01
10946.90 6.184e-01
10948.90 6.130e-01
10950.90 6.250e-01
10952.90 6.355e-01
10954.90 6.245e-01
10956.90 6.143e-01
10958.90 6.185e-01
10960.90 6.181e-01
10962.90 5.901e-01
10964.90 5.995e-01
10966.90 6.088e-01
10968.90 6.259e-01
10970.90 6.167e-01
10972.90 5.954e-01
10974.90 5.848e-01
10976.90 5.827e-01
10978.90 5.929e-01
10980.90 6.086e-01
10982.90 6.239e-01
10984.90 5.794e-01
10986.90 5.376e-01
10988.90 5.588e-01
10990.90 5.981e-01
10992.90 5.871e-01
10994.90 5.579e-01
10996.90 5.420e-01
10998.90 5.286e-01
11000.90 5.332e-01
11002.90 5.371e-01
11004.90 5.300e-01
11006.90 5.280e-01
11008.90 5.171e-01
11010.90 5.338e-01
11012.90 5.644e-01
11014.90 5.660e-01
11016.90 5.371e-01
11018.90 5.214e-01
11020.90 5.029e-01
11022.90 5.094e-01
11024.90 5.014e-01
11026.90 4.979e-01
11028.90 5.091e-01
11030.90 4.889e-01
11032.90 4.937e-01
11034.90 5.058e-01
11036.90 5.037e-01
11038.90 4.977e-01
11040.90 4.956e-01
11042.90 4.770e-01
11044.90 4.671e-01
11046.90 4.613e-01
11048.90 4.575e-01
11050.90 4.557e-01
11052.90 4.588e-01
11054.90 4.764e-01
11056.90 4.831e-01
11058.90 4.858e-01
11060.90 4.823e-01
11062.90 4.758e-01
11064.90 4.768e-01
11066.90 4.898e-01
11068.90 4.883e-01
11070.90 4.875e-01
11072.90 4.898e-01
11074.90 4.626e-01
11076.90 4.473e-01
11078.90 4.455e-01
11080.90 4.613e-01
11082.90 4.613e-01
11084.90 4.515e-01
11086.90 4.468e-01
11088.90 4.411e-01
11090.90 4.510e-01
11092.90 4.582e-01
11094.90 4.443e-01
11096.90 4.333e-01
11098.90 4.369e-01
11100.90 4.282e-01
11102.90 4.380e-01
11104.90 4.519e-01
11106.90 4.789e-01
11108.90 4.743e-01
11110.90 4.529e-01
11112.90 4.499e-01
11114.90 4.244e-01
11116.90 4.320e-01
11118.90 4.487e-01
11120.90 4.428e-01
11122.90 4.307e-01
11124.90 4.498e-01
11126.90 4.481e-01
11128.90 4.413e-01
11130.90 4.369e-01
11132.90 4.526e-01
11134.90 4.713e-01
11136.90 4.665e-01
11138.90 4.575e-01
11140.90 4.391e-01
11142.90 4.406e-01
11144.90 4.327e-01
11146.90 4.525e-01
11148.90 4.590e-01
11150.90 4.600e-01
11152.90 4.693e-01
11154.90 4.695e-01
11156.90 4.693e-01
11158.90 4.718e-01
11160.90 4.719e-01
11162.90 4.641e-01
11164.90 4.582e-01
11166.90 4.652e-01
11168.90 4.505e-01
11170.90 4.433e-01
11172.90 4.418e-01
11174.90 4.464e-01
11176.90 4.476e-01
11178.90 4.325e-01
11180.90 4.069e-01
11182.90 4.093e-01
11184.90 4.113e-01
11186.90 4.147e-01
11188.90 4.161e-01
11190.90 4.194e-01
11192.90 4.219e-01
11194.90 4.372e-01
11196.90 4.411e-01
11198.90 4.295e-01
11200.90 4.268e-01
11202.90 4.089e-01
11204.90 4.204e-01
11206.90 4.145e-01
11208.90 4.131e-01
11210.90 3.777e-01
11212.90 3.802e-01
11214.90 3.831e-01
11216.90 3.883e-01
11218.90 4.006e-01
11220.90 4.208e-01
11222.90 4.210e-01
11224.90 4.224e-01
11226.90 4.052e-01
11228.90 4.258e-01
11230.90 4.223e-01
11232.90 4.120e-01
11234.90 3.843e-01
11236.90 3.953e-01
11238.90 3.919e-01
11240.90 4.080e-01
11242.90 3.931e-01
11244.90 3.939e-01
11246.90 4.051e-01
11248.90 4.206e-01
11250.90 4.590e-01
11252.90 4.323e-01
11254.90 4.272e-01
11256.90 4.096e-01
11258.90 4.113e-01
11260.90 4.222e-01
11262.90 4.127e-01
11264.90 3.856e-01
11266.90 4.048e-01
11268.90 4.064e-01
11270.90 4.457e-01
11272.90 4.472e-01
11274.90 4.336e-01
11276.90 4.160e-01
11278.90 4.119e-01
11280.90 4.132e-01
11282.90 4.145e-01
11284.90 4.215e-01
11286.90 4.337e-01
11288.90 4.415e-01
11290.90 4.417e-01
11292.90 4.449e-01
11294.90 4.481e-01
11296.90 4.487e-01
11298.90 4.489e-01
11300.90 4.391e-01
11302.90 4.370e-01
11304.90 4.384e-01
11306.90 4.486e-01
11308.90 4.583e-01
11310.90 4.588e-01
11312.90 4.573e-01
11314.90 4.588e-01
11316.90 4.614e-01
11318.90 4.654e-01
11320.90 4.462e-01
11322.90 4.382e-01
11324.90 4.200e-01
11326.90 4.068e-01
11328.90 4.241e-01
11330.90 4.312e-01
11332.90 4.340e-01
11334.90 4.378e-01
11336.90 4.323e-01
11338.90 4.259e-01
11340.90 4.241e-01
11342.90 4.212e-01
11344.90 4.175e-01
11346.90 4.226e-01
11348.90 4.118e-01
11350.90 4.095e-01
11352.90 4.090e-01
11354.90 4.099e-01
11356.90 4.153e-01
11358.90 4.163e-01
11360.90 4.091e-01
11362.90 4.055e-01
11364.90 4.063e-01
11366.90 4.038e-01
11368.90 3.948e-01
11370.90 3.927e-01
11372.90 3.908e-01
11374.90 3.755e-01
11376.90 3.643e-01
11378.90 3.605e-01
11380.90 3.598e-01
11382.90 3.591e-01
11384.90 3.584e-01
11386.90 3.576e-01
11388.90 3.560e-01
11390.90 3.621e-01
11392.90 3.749e-01
11394.90 3.848e-01
11396.90 3.924e-01
11398.90 3.990e-01
11400.90 3.998e-01
11402.90 4.046e-01
11404.90 4.059e-01
11406.90 4.063e-01
11408.90 4.067e-01
11410.90 4.066e-01
11412.90 4.039e-01
11414.90 3.993e-01
11416.90 3.880e-01
11418.90 3.837e-01
11420.90 3.830e-01
11422.90 3.823e-01
11424.90 3.785e-01
11426.90 3.703e-01
11428.90 3.609e-01
11430.90 3.385e-01
11432.90 3.194e-01
11434.90 3.331e-01
11436.90 3.527e-01
11438.90 3.523e-01
11440.90 3.531e-01
11442.90 3.742e-01
11444.90 3.748e-01
11446.90 3.776e-01
11448.90 3.781e-01
11450.90 3.768e-01
11452.90 3.774e-01
11454.90 3.778e-01
11456.90 3.743e-01
11458.90 3.735e-01
11460.90 3.729e-01
11462.90 3.723e-01
11464.90 3.717e-01
11466.90 3.711e-01
11468.90 3.621e-01
11470.90 3.587e-01
11472.90 3.535e-01
11474.90 3.529e-01
11476.90 3.555e-01
11478.90 3.704e-01
11480.90 3.879e-01
11482.90 3.915e-01
11484.90 3.970e-01
11486.90 3.925e-01
11488.90 3.798e-01
11490.90 3.500e-01
11492.90 3.415e-01
11494.90 3.409e-01
11496.90 3.403e-01
11498.90 3.397e-01
11500.90 3.395e-01
11502.90 3.393e-01
11504.90 3.391e-01
11506.90 3.389e-01
11508.90 3.383e-01
11510.90 3.387e-01
11512.90 3.390e-01
11514.90 3.393e-01
11516.90 3.396e-01
11518.90 3.399e-01
11520.90 3.402e-01
11522.90 3.406e-01
11524.90 3.413e-01
11526.90 3.571e-01
11528.90 3.581e-01
11530.90 3.588e-01
11532.90 3.595e-01
11534.90 3.593e-01
11536.90 3.589e-01
11538.90 3.584e-01
11540.90 3.580e-01
11542.90 3.575e-01
11544.90 3.589e-01
11546.90 3.308e-01
11548.90 3.299e-01
11550.90 3.293e-01
11552.90 3.303e-01
11554.90 3.309e-01
11556.90 3.316e-01
11558.90 3.332e-01
11560.90 3.338e-01
11562.90 3.366e-01
11564.90 3.330e-01
11566.90 3.297e-01
11568.90 3.284e-01
11570.90 3.266e-01
11572.90 3.281e-01
11574.90 3.352e-01
11576.90 3.353e-01
11578.90 3.354e-01
11580.90 3.355e-01
11582.90 3.352e-01
11584.90 3.341e-01
11586.90 3.379e-01
11588.90 3.386e-01
11590.90 3.394e-01
11592.90 3.401e-01
11594.90 3.373e-01
11596.90 3.528e-01
11598.90 3.511e-01
11600.90 3.509e-01
11602.90 3.466e-01
11604.90 3.437e-01
11606.90 3.406e-01
11608.90 3.407e-01
11610.90 3.386e-01
11612.90 3.376e-01
11614.90 3.365e-01
11616.90 3.380e-01
11618.90 3.556e-01
11620.90 3.630e-01
11622.90 3.621e-01
11624.90 3.568e-01
11626.90 3.534e-01
11628.90 3.528e-01
11630.90 3.525e-01
11632.90 3.523e-01
11634.90 3.520e-01
11636.90 3.518e-01
11638.90 3.515e-01
11640.90 3.479e-01
11642.90 3.469e-01
11644.90 3.432e-01
11646.90 3.421e-01
11648.90 3.418e-01
11650.90 3.416e-01
11652.90 3.419e-01
11654.90 3.420e-01
11656.90 3.420e-01
11658.90 3.421e-01
11660.90 3.422e-01
11662.90 3.423e-01
11664.90 3.424e-01
11666.90 3.424e-01
