# GD71, AB magnitudes
3145.3  12.233  50.0
3200.3  12.261  50.0
3255.3  12.288  50.0
3310.3  12.316  50.0
3365.3  12.342  50.0
3420.3  12.368  50.0
3475.3  12.397  50.0
3530.3  12.423  50.0
3585.3  12.446  50.0
3640.3  12.472  50.0
3695.3  12.492  50.0
3750.3  12.516  50.0
3805.3  12.539  50.0
3860.3  12.562  50.0
3915.3  12.563  50.0
3970.3  12.648  50.0
4025.3  12.536  50.0
4080.3  12.678  50.0
4135.3  12.643  50.0
4190.3  12.555  50.0
4245.3  12.577  50.0
4300.3  12.680  50.0
4355.3  12.857  50.0
4410.3  12.662  50.0
4465.3  12.656  50.0
4520.3  12.674  50.0
4575.3  12.696  50.0
4630.3  12.718  50.0
4685.3  12.743  50.0
4740.3  12.770  50.0
4795.3  12.827  50.0
4850.3  13.046  50.0
4905.3  12.922  50.0
4960.3  12.862  50.0
5015.3  12.871  50.0
5070.3  12.889  50.0
5125.3  12.909  50.0
5180.3  12.930  50.0
5235.3  12.949  50.0
5290.3  12.969  50.0
5345.3  12.988  50.0
5400.3  13.007  50.0
5455.3  13.027  50.0
5510.3  13.045  50.0
5565.3  13.065  50.0
5620.3  13.084  50.0
5675.3  13.102  50.0
5730.3  13.121  50.0
5785.3  13.140  50.0
5840.3  13.158  50.0
5895.3  13.176  50.0
5950.3  13.194  50.0
6005.3  13.213  50.0
6060.3  13.229  50.0
6115.3  13.247  50.0
6170.3  13.264  50.0
6225.3  13.281  50.0
6280.3  13.296  50.0
6335.3  13.320  50.0
6390.3  13.336  50.0
6445.3  13.360  50.0
6500.3  13.402  50.0
6555.3  13.564  50.0
6610.3  13.466  50.0
6665.3  13.430  50.0
6720.3  13.436  50.0
6775.3  13.449  50.0
6830.3  13.465  50.0
6885.3  13.479  50.0
6940.3  13.494  50.0
6995.3  13.509  50.0
7050.3  13.524  50.0
7105.3  13.540  50.0
7160.3  13.554  50.0
7215.3  13.569  50.0
7270.3  13.585  50.0
7325.3  13.600  50.0
7380.3  13.613  50.0
7435.3  13.630  50.0
7490.3  13.645  50.0
7545.3  13.658  50.0
7600.3  13.674  50.0
7655.3  13.687  50.0
7710.3  13.701  50.0
7765.3  13.713  50.0
7820.3  13.729  50.0
7875.3  13.744  50.0
7930.3  13.756  50.0
7985.3  13.773  50.0
8040.3  13.784  50.0
8095.3  13.801  50.0
8150.3  13.810  50.0
8205.3  13.827  50.0
8260.3  13.838  50.0
8315.3  13.851  50.0
8370.3  13.864  50.0
8425.3  13.877  50.0
8480.3  13.888  50.0
8535.3  13.904  50.0
8590.3  13.916  50.0
8645.3  13.930  50.0
8700.3  13.938  50.0
8755.3  13.948  50.0
8810.3  13.965  50.0
8865.3  13.973  50.0
8920.3  13.989  50.0
8975.3  14.001  50.0
9030.3  14.013  50.0
9085.3  14.019  50.0
9140.3  14.038  50.0
9195.3  14.057  50.0
9250.3  14.068  50.0
9305.3  14.071  50.0
9360.3  14.078  50.0
9415.3  14.095  50.0
9470.3  14.113  50.0
9525.3  14.136  50.0
9580.3  14.147  50.0
9635.3  14.142  50.0
9690.3  14.141  50.0
9745.3  14.146  50.0
9800.3  14.163  50.0
9855.3  14.177  50.0
9910.3  14.190  50.0
9965.3  14.216  50.0
10020.3  14.255  50.0
10075.3  14.272  50.0
10130.3  14.259  50.0
10185.3  14.249  50.0
10240.3  14.253  50.0
10295.3  14.257  50.0
10350.3  14.267  50.0
10405.3  14.277  50.0
10460.3  14.287  50.0
10515.3  14.299  50.0
10570.3  14.312  50.0
10625.3  14.322  50.0
10680.3  14.334  50.0
10735.3  14.349  50.0
10790.3  14.367  50.0
10845.3  14.398  50.0
10900.3  14.439  50.0
10955.3  14.467  50.0
11010.3  14.455  50.0
11065.3  14.433  50.0
11120.3  14.425  50.0
11175.3  14.428  50.0
11230.3  14.430  50.0
11285.3  14.443  50.0
11340.3  14.458  50.0
11395.3  14.468  50.0
11450.3  14.477  50.0
11505.3  14.483  50.0
11560.3  14.491  50.0
11615.3  14.499  50.0
11670.3  14.507  50.0
11725.3  14.516  50.0
11780.3  14.525  50.0
11835.3  14.537  50.0
11890.3  14.548  50.0
11945.3  14.556  50.0
12000.3  14.566  50.0
12055.3  14.576  50.0
12110.3  14.585  50.0
12165.3  14.594  50.0
12220.3  14.602  50.0
12275.3  14.614  50.0
12330.3  14.625  50.0
12385.3  14.635  50.0
12440.3  14.648  50.0
12495.3  14.663  50.0
12550.3  14.679  50.0
12605.3  14.695  50.0
12660.3  14.712  50.0
12715.3  14.739  50.0
12770.3  14.775  50.0
12825.3  14.796  50.0
12880.3  14.795  50.0
12935.3  14.778  50.0
12990.3  14.762  50.0
13045.3  14.757  50.0
13100.3  14.758  50.0
13155.3  14.767  50.0
13210.3  14.776  50.0
13265.3  14.782  50.0
13320.3  14.785  50.0
13375.3  14.792  50.0
13430.3  14.801  50.0
13485.3  14.809  50.0
13540.3  14.817  50.0
13595.3  14.826  50.0
13650.3  14.836  50.0
13705.3  14.844  50.0
13760.3  14.851  50.0
13815.3  14.858  50.0
13870.3  14.865  50.0
13925.3  14.875  50.0
13980.3  14.883  50.0
14035.3  14.889  50.0
14090.3  14.895  50.0
14145.3  14.902  50.0
14200.3  14.912  50.0
14255.3  14.921  50.0
14310.3  14.928  50.0
14365.3  14.934  50.0
14420.3  14.941  50.0
14475.3  14.951  50.0
14530.3  14.961  50.0
14585.3  14.971  50.0
14640.3  14.979  50.0
14695.3  14.985  50.0
14750.3  14.989  50.0
14805.3  14.997  50.0
14860.3  15.007  50.0
14915.3  15.014  50.0
14970.3  15.021  50.0
15025.3  15.030  50.0
15080.3  15.038  50.0
15135.3  15.047  50.0
15190.3  15.054  50.0
15245.3  15.060  50.0
15300.3  15.066  50.0
15355.3  15.075  50.0
15410.3  15.082  50.0
15465.3  15.087  50.0
15520.3  15.093  50.0
15575.3  15.103  50.0
15630.3  15.112  50.0
15685.3  15.118  50.0
15740.3  15.126  50.0
15795.3  15.133  50.0
15850.3  15.140  50.0
15905.3  15.148  50.0
15960.3  15.156  50.0
16015.3  15.163  50.0
16070.3  15.170  50.0
16125.3  15.177  50.0
16180.3  15.185  50.0
16235.3  15.195  50.0
16290.3  15.202  50.0
16345.3  15.207  50.0
16400.3  15.214  50.0
16455.3  15.221  50.0
16510.3  15.228  50.0
16565.3  15.235  50.0
16620.3  15.242  50.0
16675.3  15.250  50.0
16730.3  15.258  50.0
16785.3  15.264  50.0
16840.3  15.271  50.0
16895.3  15.278  50.0
16950.3  15.284  50.0
17005.3  15.290  50.0
17060.3  15.297  50.0
17115.3  15.304  50.0
17170.3  15.310  50.0
17225.3  15.317  50.0
17280.3  15.327  50.0
17335.3  15.334  50.0
17390.3  15.340  50.0
17445.3  15.345  50.0
17500.3  15.352  50.0
17555.3  15.360  50.0
17610.3  15.366  50.0
17665.3  15.370  50.0
17720.3  15.376  50.0
17775.3  15.385  50.0
17830.3  15.390  50.0
17885.3  15.395  50.0
17940.3  15.402  50.0
17995.3  15.412  50.0
18050.3  15.421  50.0
18105.3  15.428  50.0
18160.3  15.433  50.0
18215.3  15.441  50.0
18270.3  15.448  50.0
18325.3  15.455  50.0
18380.3  15.461  50.0
18435.3  15.467  50.0
18490.3  15.474  50.0
18545.3  15.487  50.0
18600.3  15.505  50.0
18655.3  15.524  50.0
18710.3  15.544  50.0
18765.3  15.554  50.0
18820.3  15.551  50.0
18875.3  15.539  50.0
18930.3  15.527  50.0
18985.3  15.529  50.0
19040.3  15.535  50.0
19095.3  15.541  50.0
19150.3  15.549  50.0
19205.3  15.557  50.0
19260.3  15.566  50.0
19315.3  15.571  50.0
19370.3  15.577  50.0
19425.3  15.583  50.0
19480.3  15.588  50.0
19535.3  15.594  50.0
19590.3  15.600  50.0
19645.3  15.605  50.0
19700.3  15.609  50.0
19755.3  15.614  50.0
19810.3  15.622  50.0
19865.3  15.629  50.0
19920.3  15.630  50.0
19975.3  15.631  50.0
20030.3  15.634  50.0
20085.3  15.637  50.0
20140.3  15.641  50.0
20195.3  15.647  50.0
20250.3  15.655  50.0
20305.3  15.660  50.0
20360.3  15.663  50.0
20415.3  15.669  50.0
20470.3  15.679  50.0
20525.3  15.687  50.0
20580.3  15.693  50.0
20635.3  15.692  50.0
20690.3  15.695  50.0
20745.3  15.703  50.0
20800.3  15.711  50.0
20855.3  15.720  50.0
20910.3  15.723  50.0
20965.3  15.724  50.0
21020.3  15.727  50.0
21075.3  15.730  50.0
21130.3  15.736  50.0
21185.3  15.745  50.0
21240.3  15.754  50.0
21295.3  15.764  50.0
21350.3  15.775  50.0
21405.3  15.782  50.0
21460.3  15.787  50.0
21515.3  15.796  50.0
21570.3  15.811  50.0
21625.3  15.821  50.0
21680.3  15.825  50.0
21735.3  15.826  50.0
21790.3  15.827  50.0
21845.3  15.827  50.0
21900.3  15.828  50.0
21955.3  15.831  50.0
22010.3  15.833  50.0
22065.3  15.836  50.0
22120.3  15.840  50.0
22175.3  15.846  50.0
22230.3  15.849  50.0
22285.3  15.851  50.0
22340.3  15.854  50.0
22395.3  15.859  50.0
22450.3  15.868  50.0
22505.3  15.874  50.0
22560.3  15.874  50.0
22615.3  15.873  50.0
22670.3  15.876  50.0
22725.3  15.886  50.0
22780.3  15.898  50.0
22835.3  15.907  50.0
22890.3  15.911  50.0
22945.3  15.912  50.0
23000.3  15.914  50.0
23055.3  15.919  50.0
23110.3  15.924  50.0
23165.3  15.932  50.0
23220.3  15.939  50.0
23275.3  15.942  50.0
23330.3  15.946  50.0
23385.3  15.957  50.0
23440.3  15.966  50.0
23495.3  15.971  50.0
23550.3  15.973  50.0
23605.3  15.977  50.0
23660.3  15.982  50.0
23715.3  15.988  50.0
23770.3  15.994  50.0
23825.3  16.000  50.0
23880.3  16.006  50.0
23935.3  16.009  50.0
23990.3  16.015  50.0
24045.3  16.022  50.0
24100.3  16.028  50.0
24155.3  16.030  50.0
24210.3  16.030  50.0
24265.3  16.032  50.0
24320.3  16.035  50.0
24375.3  16.041  50.0
24430.3  16.048  50.0
24485.3  16.052  50.0
24540.3  16.053  50.0
24595.3  16.054  50.0
24650.3  16.059  50.0
24705.3  16.063  50.0
24760.3  16.067  50.0
24815.3  16.062  50.0
24870.3  16.058  50.0
24925.3  16.054  50.0
